1.202934619805635919e+02
1.172124420913302458e+02
1.141899404367968174e+02
1.117029851266153457e+02
1.095010972169006180e+02
1.078096067435298977e+02
1.069154968825107090e+02
1.067283778606011992e+02
1.074011982305200519e+02
1.089965864363091725e+02
1.108116270159183472e+02
1.133080218746734431e+02
1.162294402452192656e+02
1.191660454909610252e+02
1.218074123097286616e+02
1.243490194712459527e+02
1.268753004284370718e+02
1.287767250687937519e+02
1.302304155491309245e+02
1.314662301020585744e+02
1.324901598801769467e+02
1.332693232087498814e+02
1.336997805566198849e+02
1.338592427461771592e+02
1.337183461632240835e+02
1.332848584067714057e+02
1.328129158103730560e+02
1.318868647462468289e+02
1.307902399944268268e+02
1.293759099933818675e+02
1.277004772022710597e+02
1.256323800898672829e+02
1.231892089588630768e+02
1.205480859660733586e+02
1.175974084781775701e+02
1.147515413285032508e+02
1.121426033647984895e+02
1.095815946218955759e+02
1.076636594796056983e+02
1.064935386115852225e+02
1.057876275732348716e+02
1.061041136925702801e+02
1.072258525201156374e+02
1.086977602842314212e+02
1.106770699083910898e+02
1.132203490194712430e+02
1.161564317809746143e+02
1.190472325751506446e+02
1.191065171200668829e+02
1.158990908774251949e+02
1.130279703228952570e+02
1.105368003065240856e+02
1.084561287401163412e+02
1.069946009962032747e+02
1.064946880769096822e+02
1.068754049252847551e+02
1.083495767877669067e+02
1.102967362151241701e+02
1.128120798355916321e+02
1.161552823156501404e+02
1.196373262739907375e+02
1.227795116513985221e+02
1.259575394475599950e+02
1.290336828172350181e+02
1.316164617367376195e+02
1.336156954265213130e+02
1.353554982758020060e+02
1.368347904838203988e+02
1.379790657981817503e+02
1.387698979414120970e+02
1.392877146539412649e+02
1.393981329896548118e+02
1.392580723814831458e+02
1.389250757602145541e+02
1.383045734787000640e+02
1.373787662405517551e+02
1.361934933296178940e+02
1.345899892019924096e+02
1.327795813159636396e+02
1.304429621373088537e+02
1.277245463095196669e+02
1.247999233689783694e+02
1.215681145285450526e+02
1.180459437806959500e+02
1.147778397018356600e+02
1.117075829879131987e+02
1.090117384792225437e+02
1.072047789891671670e+02
1.060080810895537979e+02
1.057199484482218139e+02
1.064223414260336540e+02
1.077949075202898115e+02
1.096847678428367345e+02
1.121553868124978237e+02
1.151717231530182204e+02
1.180787209585844124e+02
1.177034379462886164e+02
1.146554738932042170e+02
1.118751262670242852e+02
1.093851753805426910e+02
1.075443240795569295e+02
1.065144379811209063e+02
1.064540039708802084e+02
1.074591591486990154e+02
1.094044724650806302e+02
1.119227071650005172e+02
1.153171479327040316e+02
1.192160646487164257e+02
1.228862377651607574e+02
1.265418161552126577e+02
1.300527012435124732e+02
1.332530217005120221e+02
1.359225678358702964e+02
1.383274234560590799e+02
1.403490891358110559e+02
1.418744644536556621e+02
1.430249747465951486e+02
1.438009335051725941e+02
1.443429586540806042e+02
1.445555400745410850e+02
1.443220244522623545e+02
1.437839701835661401e+02
1.431023372461597489e+02
1.422493991431258564e+02
1.409676756417848082e+02
1.392965272214288177e+02
1.372484586714967350e+02
1.347073391619352947e+02
1.318414434497892671e+02
1.287307464558152503e+02
1.253968441952001172e+02
1.215888397366679499e+02
1.177067818454143264e+02
1.139993730189139285e+02
1.107407433209098144e+02
1.082011564317809729e+02
1.065460308614023432e+02
1.055737225260371304e+02
1.056129785084816604e+02
1.067952210108328330e+02
1.087064683548712907e+02
1.110773973318471519e+02
1.140414504162457803e+02
1.170143160681319472e+02
1.166593054442857635e+02
1.136379532550768090e+02
1.107997840398481344e+02
1.084399317287261795e+02
1.068395276742484867e+02
1.060796962624960855e+02
1.064970566721237191e+02
1.080407189383120254e+02
1.104264516353756704e+02
1.138680901459472636e+02
1.178362186074053426e+02
1.219116304991466109e+02
1.259843254728482407e+02
1.298246891218781514e+02
1.334480824828451091e+02
1.366580166498310689e+02
1.396026681528440463e+02
1.420715106760946185e+02
1.440803232435821428e+02
1.456040266118638726e+02
1.467400815075411913e+02
1.475129401929708592e+02
1.481633634052039383e+02
1.483887979379288709e+02
1.481457731025114128e+02
1.476263541049845003e+02
1.469004493364450070e+02
1.459072764638266619e+02
1.445923229649238806e+02
1.428607057020446689e+02
1.407199136159392481e+02
1.380308962346302621e+02
1.351081194050646275e+02
1.319073809606743453e+02
1.285224494061095868e+02
1.246822947507750143e+02
1.205969556585042994e+02
1.164487094639311664e+02
1.124993904350552043e+02
1.093116095997770714e+02
1.070376885297293512e+02
1.055523355045456100e+02
1.052002856247169831e+02
1.059636002647253434e+02
1.076187258351039731e+02
1.099841861437179915e+02
1.130283534780034103e+02
1.159454178132292981e+02
1.157925389250757604e+02
1.127730328468424545e+02
1.098438120450033040e+02
1.077081403044341528e+02
1.062263750043540398e+02
1.056829913964262033e+02
1.067277857117976936e+02
1.087168832073565738e+02
1.117322094116827458e+02
1.159456964714897822e+02
1.202839875997074017e+02
1.245818732801560458e+02
1.287194259639834115e+02
1.325700651363683846e+02
1.362895955971994795e+02
1.395788080392908057e+02
1.425144379811208921e+02
1.449207913894597652e+02
1.468405029781601456e+02
1.484172559127799786e+02
1.495688111741962416e+02
1.503467902051621365e+02
1.509964819394614892e+02
1.512684524016858916e+02
1.511829391480023617e+02
1.507159775680100324e+02
1.499831760075237810e+02
1.488114876867881264e+02
1.473883799505381660e+02
1.455939949144867569e+02
1.434739280365042191e+02
1.407884287157337440e+02
1.377600752377303195e+02
1.344869901424640375e+02
1.311130307569054878e+02
1.273259256679090186e+02
1.233254031836706304e+02
1.190262635410498433e+02
1.146265282663973011e+02
1.106813194468633554e+02
1.076792991744749060e+02
1.057148629349681244e+02
1.049094708976279264e+02
1.053605141244905781e+02
1.067350656588526192e+02
1.089500853390922686e+02
1.120500191577554148e+02
1.150962415967118346e+02
1.148937963704761529e+02
1.118974537601448986e+02
1.091121251175589606e+02
1.070584834024173659e+02
1.056371521125779367e+02
1.054754258246542946e+02
1.070201678916019432e+02
1.095334215751158240e+02
1.131841234456093872e+02
1.178400501584868891e+02
1.224436587829600427e+02
1.268503605141244890e+02
1.308502211849942398e+02
1.348632484586715066e+02
1.386443275627851790e+02
1.419101675432791012e+02
1.448112786930927598e+02
1.471870145250618407e+02
1.490944651503012892e+02
1.506185516736911723e+02
1.518332926956703375e+02
1.526978996133616704e+02
1.533223379428054045e+02
1.535776585739663460e+02
1.535308788184889863e+02
1.531170713016823868e+02
1.522295447420669348e+02
1.511419763837124322e+02
1.496204326169493868e+02
1.476400780243129418e+02
1.455034658121146549e+02
1.428815354070152353e+02
1.398281375178515589e+02
1.365753944755999783e+02
1.331807447142011256e+02
1.296125953533735071e+02
1.257048312375909944e+02
1.212998014559894102e+02
1.166655404228639128e+02
1.122386708000975375e+02
1.084831237590999393e+02
1.059682329583057623e+02
1.046949737016266653e+02
1.048405378104427115e+02
1.060435403531993472e+02
1.081785154481173095e+02
1.111174196245079884e+02
1.143203176704169408e+02
1.142783099376502207e+02
1.112173534431711346e+02
1.084263471385279871e+02
1.064451914033926698e+02
1.052249817130516618e+02
1.054736493782437634e+02
1.073812045003309095e+02
1.103633007070953340e+02
1.146430736006130502e+02
1.196006478804556110e+02
1.243757706642516325e+02
1.285926712877494822e+02
1.326062210456651087e+02
1.365661290884391690e+02
1.402829426312306111e+02
1.435341182207669988e+02
1.463148490020550980e+02
1.486686404960117045e+02
1.507099864154098157e+02
1.522644118569089926e+02
1.535381239332613461e+02
1.545227977289351884e+02
1.551801177331150541e+02
1.554425789822007005e+02
1.552844752516632525e+02
1.548483750740186053e+02
1.540457696192831634e+02
1.529438155282315677e+02
1.513879967954300128e+02
1.493172175972691491e+02
1.469879480302344348e+02
1.444189975269079298e+02
1.415570726949736979e+02
1.383315336654010821e+02
1.349436413668187811e+02
1.314804765056254041e+02
1.275353721829391418e+02
1.232387056323800891e+02
1.185323069420739159e+02
1.137419972830819574e+02
1.095575255146469686e+02
1.064471420112160018e+02
1.046324497544324146e+02
1.045897453760144913e+02
1.055123480441673394e+02
1.074660907729283537e+02
1.102499912919293621e+02
1.134327562785189372e+02
1.138440210386986706e+02
1.105076108537392514e+02
1.078110000348322757e+02
1.060459786129785016e+02
1.051035215437667603e+02
1.055916611515552574e+02
1.078695182695322075e+02
1.115125918701452576e+02
1.162172837786060171e+02
1.213003587725103642e+02
1.260479292208018336e+02
1.301241422550419600e+02
1.340801142498868046e+02
1.379002055104670887e+02
1.414278100943954826e+02
1.445421993103207967e+02
1.473313595039882955e+02
1.497941760423560424e+02
1.519370928976975961e+02
1.536612908843916614e+02
1.549878783656693031e+02
1.560494270089519091e+02
1.567320700825524966e+02
1.569868682294750784e+02
1.567442613814483252e+02
1.563430283186457075e+02
1.555434881047755198e+02
1.542807830297119267e+02
1.526270507506356751e+02
1.505307743216413030e+02
1.481582082273851313e+02
1.455246090076282712e+02
1.426154864328259464e+02
1.395914173255773392e+02
1.362135567243721539e+02
1.327477794419868360e+02
1.289855446027378036e+02
1.247998885366958035e+02
1.203403114006060832e+02
1.153206311609599766e+02
1.106374307708384066e+02
1.071227837960221478e+02
1.049309972482496818e+02
1.044192413528858481e+02
1.051054373193075406e+02
1.070109025044411197e+02
1.097623741683792531e+02
1.127402905012365437e+02
1.133916193528161926e+02
1.100681319446863284e+02
1.075261764603434500e+02
1.059343759796579434e+02
1.051473057229440258e+02
1.058478874220627688e+02
1.085060085687415068e+02
1.126371521125779367e+02
1.177068166776968923e+02
1.229188059493538674e+02
1.276213730885784940e+02
1.315220314187188819e+02
1.353115747674945055e+02
1.390230241387718024e+02
1.423490891358110559e+02
1.453184367271587405e+02
1.482378348253160993e+02
1.507280295377755976e+02
1.528792364763662874e+02
1.546604549096102232e+02
1.560913650771535117e+02
1.571802918945278407e+02
1.579765230415549127e+02
1.582909888885018574e+02
1.580918875613918999e+02
1.576346441882336649e+02
1.566636246473231324e+02
1.552660141419067088e+02
1.535025950050506935e+02
1.513123410777108120e+02
1.489542652129994167e+02
1.462257828555505341e+02
1.433662614511129050e+02
1.403304538646417541e+02
1.369059876693719673e+02
1.335203594691560056e+02
1.299721690062349921e+02
1.260423560555923217e+02
1.217408478177574978e+02
1.167231530182172889e+02
1.116522693232087562e+02
1.077849454874777990e+02
1.054407328712250518e+02
1.044535511512069377e+02
1.049458358006200172e+02
1.066178201957574316e+02
1.092890382806785396e+02
1.123022745480511304e+02
1.131811278693092788e+02
1.099439896896443685e+02
1.074665087603190585e+02
1.059054303528510275e+02
1.053049914660907689e+02
1.063246368734543239e+02
1.093652513149186660e+02
1.138552022014002603e+02
1.190262983733324091e+02
1.240655891880594908e+02
1.284120659026785916e+02
1.322428158417221198e+02
1.360113901563969421e+02
1.393879619631474327e+02
1.423530251837403000e+02
1.453613152669894362e+02
1.482307987042390778e+02
1.508815354070152353e+02
1.532679995820126067e+02
1.552274199728308304e+02
1.567740429830366793e+02
1.579650283883102873e+02
1.588008986728900425e+02
1.591529485527186694e+02
1.591302379044898885e+02
1.584400013932913112e+02
1.572491901494304898e+02
1.556845588491413821e+02
1.538754049252847551e+02
1.515314361350099261e+02
1.488638406074749980e+02
1.459364659166115246e+02
1.430327771778884767e+02
1.399218363579365416e+02
1.368488627259744419e+02
1.337579156362116350e+02
1.304878957818105789e+02
1.269991640252185761e+02
1.228981504057960876e+02
1.179495280225713145e+02
1.127444007105785602e+02
1.086308823017172358e+02
1.058778083527813578e+02
1.045873419485178886e+02
1.048266397297014834e+02
1.063289909087742586e+02
1.089170991675084537e+02
1.119101675432791154e+02
1.130288062976766810e+02
1.100028910794524393e+02
1.075333867428332582e+02
1.060049810164060062e+02
1.057108572224737912e+02
1.070141419067191464e+02
1.103282942631230554e+02
1.150648925424083018e+02
1.201140408930997268e+02
1.247678776690236475e+02
1.287455850081855999e+02
1.323224772719356395e+02
1.355889442335156332e+02
1.384830540945348218e+02
1.413544533073252296e+02
1.441904629210352198e+02
1.468736284788742239e+02
1.496868926120728815e+02
1.523495767877668925e+02
1.547097077571493173e+02
1.567766205719460686e+02
1.582824549792748030e+02
1.591428123584938419e+02
1.595175032219861464e+02
1.594396182381831579e+02
1.586933714166289349e+02
1.572103869866592447e+02
1.553926991535755349e+02
1.532495036399735397e+02
1.504648716430387765e+02
1.474689470200982271e+02
1.445215089344804653e+02
1.415791911943989589e+02
1.387396635201504864e+02
1.359417952558431182e+02
1.331777491379010030e+02
1.303432373123410741e+02
1.273156501445539703e+02
1.236378139259465740e+02
1.190091260580305885e+02
1.139575742798425608e+02
1.096036086244731678e+02
1.065494095928106191e+02
1.050106238461806356e+02
1.049147305722944026e+02
1.063056881117419579e+02
1.088517886377094328e+02
1.116449545438712647e+02
1.130095092131387418e+02
1.102834999477515794e+02
1.078562820021596025e+02
1.064757044829147645e+02
1.063983419833501642e+02
1.079327040300950955e+02
1.114184402103869900e+02
1.161736737608415524e+02
1.209296387892298554e+02
1.250420077327667343e+02
1.285095962938451351e+02
1.313930474764011365e+02
1.339983977150022554e+02
1.362876101570935816e+02
1.388275802013305906e+02
1.414226549165766755e+02
1.439826186910028127e+02
1.468693092758368550e+02
1.499039325647009662e+02
1.526765125918701358e+02
1.553166254484656292e+02
1.573430631509282875e+02
1.585513602006339511e+02
1.591585217179281813e+02
1.589228464941307664e+02
1.580442369988505220e+02
1.563586331812323635e+02
1.539055348496987108e+02
1.510105890138980840e+02
1.479735274652547901e+02
1.446405656762687784e+02
1.414379811209028617e+02
1.386364902992092993e+02
1.362132780661116840e+02
1.338727228395276825e+02
1.315229370580654233e+02
1.292533351910550721e+02
1.268428367410916451e+02
1.238358354522971894e+02
1.198653035633425077e+02
1.151631544115085859e+02
1.108068549932077076e+02
1.075028039987460318e+02
1.057008951896617788e+02
1.054176042356055660e+02
1.065420948134731276e+02
1.088614023476958437e+02
1.115604514263819738e+02
1.132980250095788790e+02
1.106454073635445354e+02
1.083053397889163705e+02
1.070447594830889244e+02
1.071498484795708634e+02
1.089919537427287679e+02
1.125481207983559102e+02
1.170706747013131803e+02
1.214475599986067067e+02
1.248806645999512313e+02
1.274794315371486277e+02
1.295805496534187853e+02
1.313274582883416315e+02
1.327792678254205896e+02
1.344232470653801954e+02
1.365008882232052656e+02
1.390376536974467854e+02
1.419651328851579706e+02
1.453869518269532080e+02
1.487465951443798247e+02
1.519656553693963588e+02
1.548328398759970810e+02
1.568648855759518028e+02
1.578558640147688834e+02
1.576290710230241530e+02
1.564328607753666063e+02
1.541176286182033550e+02
1.508522414573826893e+02
1.471609599777073356e+02
1.433487059807029027e+02
1.397017659967257543e+02
1.363540701522170764e+02
1.336902365111985773e+02
1.318391096868577677e+02
1.303448047650562671e+02
1.289454178132293123e+02
1.274427531436135013e+02
1.258008290083249108e+02
1.235043366191786589e+02
1.203541049844996280e+02
1.163065937510885135e+02
1.122991396426207871e+02
1.088170956842801900e+02
1.065937162562262728e+02
1.061458427670765303e+02
1.069409244487791284e+02
1.090476853948239295e+02
1.118716778710508919e+02
1.136214427531436115e+02
1.109244836114110626e+02
1.088315510815423721e+02
1.078928907311296115e+02
1.081587307116235337e+02
1.101832178062628458e+02
1.138922637500435400e+02
1.179658643630917112e+02
1.215890835626458539e+02
1.242693928733149846e+02
1.260146295586749829e+02
1.273935699606395247e+02
1.281469574001184242e+02
1.288033717649517484e+02
1.294432756278519037e+02
1.304684245358598389e+02
1.323657389668744884e+02
1.351795604165940858e+02
1.388223205266641003e+02
1.430272040126789648e+02
1.473107387927130958e+02
1.512412832212894784e+02
1.542267929917447589e+02
1.558029537775610436e+02
1.558505695078198414e+02
1.540522135915566651e+02
1.507254171165836567e+02
1.463031105228325544e+02
1.415260022989306492e+02
1.368945975129750252e+02
1.329813298965481181e+02
1.299987460378278570e+02
1.279040370615486495e+02
1.268204744156884658e+02
1.263591208331882001e+02
1.259202340729387970e+02
1.254375979657946942e+02
1.247495210561148014e+02
1.231787244418126761e+02
1.206370824480128192e+02
1.173042599881570283e+02
1.136613605489567789e+02
1.102443136298721669e+02
1.078763105646312965e+02
1.071618307847713254e+02
1.076556132223344662e+02
1.094753561600891771e+02
1.121559789613013294e+02
1.140955101187780798e+02
1.115244000139329188e+02
1.097470131317705295e+02
1.090682712738165776e+02
1.094651154690166805e+02
1.115447768992302002e+02
1.151125779372322313e+02
1.187371207635236345e+02
1.218622034901947160e+02
1.237723710334738172e+02
1.248181058204744147e+02
1.252981991709916798e+02
1.251150161970113857e+02
1.246965411543418440e+02
1.243896339127102948e+02
1.245506635549827621e+02
1.256514681807098839e+02
1.280803580758647229e+02
1.318390748545752160e+02
1.367128774948622265e+02
1.422201051934933389e+02
1.473448047650562671e+02
1.512693232087498814e+02
1.535777282385314777e+02
1.536916298025009553e+02
1.511611341391201506e+02
1.467938625518130209e+02
1.413155804799888529e+02
1.356264237695496320e+02
1.305095266292800034e+02
1.265559580619318041e+02
1.237829948796544670e+02
1.224851440314883888e+02
1.222933574837159085e+02
1.227409523146051811e+02
1.232428506740046714e+02
1.237723710334738172e+02
1.236996063952070841e+02
1.230219443380124744e+02
1.211641297154202448e+02
1.184402103869866636e+02
1.151661151555261426e+02
1.118442300323940231e+02
1.093736458950154997e+02
1.083946149291163010e+02
1.087890208645372496e+02
1.101498136472883118e+02
1.123909575394475553e+02
1.144022083667142766e+02
1.122710996551603984e+02
1.108438817095684215e+02
1.102254345327249325e+02
1.108771813716952863e+02
1.131770176599672624e+02
1.166445017241979798e+02
1.198801421157128431e+02
1.223102511407572592e+02
1.234886969243094512e+02
1.237852589780208348e+02
1.230756905500017382e+02
1.221543070117384815e+02
1.208769375457173680e+02
1.197218990560451459e+02
1.191077362499564600e+02
1.197770733916193535e+02
1.222364067017311697e+02
1.261663938137866126e+02
1.311883381517990870e+02
1.372298234003274331e+02
1.435245045107805879e+02
1.488260475808979777e+02
1.518942491901494236e+02
1.520534675537288081e+02
1.487331498833118530e+02
1.433883799505381660e+02
1.372745132188512400e+02
1.310155351980215244e+02
1.256740743320909814e+02
1.216219652373819997e+02
1.191110801490821700e+02
1.180984011982305191e+02
1.184359260162318463e+02
1.193375248180013273e+02
1.204100804625727079e+02
1.215861576509108630e+02
1.225974084781775701e+02
1.229115956668640450e+02
1.220873941969417302e+02
1.200950921313873749e+02
1.171634679020516216e+02
1.138387961963147461e+02
1.110175554704099739e+02
1.097588561078407423e+02
1.099282803302100433e+02
1.111012574454003925e+02
1.129330523529206829e+02
1.150382458462503052e+02
1.132084015465533469e+02
1.118787836566930167e+02
1.114581490125047907e+02
1.123500992720052949e+02
1.150490438538437417e+02
1.184793270403009444e+02
1.214994949319028876e+02
1.232739559023302860e+02
1.234582186770699082e+02
1.223291999024696111e+02
1.204407677035076176e+02
1.186218955728168822e+02
1.170101710265073649e+02
1.152992789717510220e+02
1.146751193005677720e+02
1.155326900971820692e+02
1.180257410568114551e+02
1.219740151172106266e+02
1.269174474903340410e+02
1.331080497404994958e+02
1.404295168762409105e+02
1.472906057333937042e+02
1.514977533177749081e+02
1.518000278658260527e+02
1.476665853913407034e+02
1.412007036121077022e+02
1.341191612386359679e+02
1.275665819081124397e+02
1.225377059458706270e+02
1.185312619735971253e+02
1.155640043192030362e+02
1.142281514507645710e+02
1.144701661499878043e+02
1.158101640600508517e+02
1.173616635898150378e+02
1.192169354557804155e+02
1.212681389111428416e+02
1.227989480650667105e+02
1.231072834302831893e+02
1.217753666097739398e+02
1.190792434428228148e+02
1.159968650945696425e+02
1.129156710439235098e+02
1.112903270751332343e+02
1.111782367898568396e+02
1.119100282141488663e+02
1.136656100874290303e+02
1.158621686579121501e+02
1.142070430875335205e+02
1.130407189383120254e+02
1.129283499947751608e+02
1.142042216726462129e+02
1.169874255459960324e+02
1.204959072067992594e+02
1.233672367550245497e+02
1.245301821728377831e+02
1.236715664077466954e+02
1.210445853216761236e+02
1.182848235744888399e+02
1.161376920129576149e+02
1.140558361489428449e+02
1.123233132467170634e+02
1.119102372078442329e+02
1.136432129297432851e+02
1.163190288759622462e+02
1.195193841652443467e+02
1.240962415967118346e+02
1.304997735901633575e+02
1.388256295935072728e+02
1.472487024974746532e+02
1.528402243198996757e+02
1.531778536347486863e+02
1.482134173952419189e+02
1.403668535999163964e+02
1.322728412692883637e+02
1.257113448744296278e+02
1.211556306384757420e+02
1.176211640948831416e+02
1.141810582047441613e+02
1.117918074471420056e+02
1.118405378104427115e+02
1.137961266501793887e+02
1.157169528719216913e+02
1.177924344282280771e+02
1.206368037897523493e+02
1.233443867776655338e+02
1.244946184123445647e+02
1.237078616461736686e+02
1.211744400710578589e+02
1.179738061235152742e+02
1.149761050541641936e+02
1.130262983733324091e+02
1.126421331289839429e+02
1.129313804033578350e+02
1.144705144728134059e+02
1.167375735831969052e+02
1.151173151276603193e+02
1.142275244696784995e+02
1.145317147932703961e+02
1.161539935211954457e+02
1.191690062349785819e+02
1.228926120728691416e+02
1.256386499007279980e+02
1.264495454387126046e+02
1.248138214497195975e+02
1.213948935873767851e+02
1.186283743773729498e+02
1.169044202166568027e+02
1.147702810965202502e+02
1.124853878574662929e+02
1.122779616148246191e+02
1.154278797589606000e+02
1.187473266223135653e+02
1.208366714270786133e+02
1.246183775122783857e+02
1.308641540980180480e+02
1.395864014768887671e+02
1.490742624264167944e+02
1.554651503012992464e+02
1.560404751123341214e+02
1.504149221498484792e+02
1.417032289525932640e+02
1.333351213905047246e+02
1.269041763906788844e+02
1.227409871468877327e+02
1.204852833606186238e+02
1.171353582500261297e+02
1.134656031209725171e+02
1.133127590651015311e+02
1.156984917621651761e+02
1.176682225086209854e+02
1.191992406562402067e+02
1.219341321536800251e+02
1.252351875718415783e+02
1.268046953916890232e+02
1.262913023790448932e+02
1.238408861332683131e+02
1.202480755163885959e+02
1.169951931450067946e+02
1.148151450764568580e+02
1.140547215159009369e+02
1.141281827998188731e+02
1.153145355115120765e+02
1.175872722839527711e+02
1.161698073774774400e+02
1.153765369744679390e+02
1.159750600856874172e+02
1.179996516771743984e+02
1.213248110348671105e+02
1.254589501550036630e+02
1.285618447176843517e+02
1.295250618273015561e+02
1.278883625343968760e+02
1.249507819847434575e+02
1.227772475530321543e+02
1.219056045142638141e+02
1.203504824271134481e+02
1.180025079243442860e+02
1.181202062071127585e+02
1.221027552335504538e+02
1.254250583440732925e+02
1.267195652931136607e+02
1.299361175937859230e+02
1.355048939356996129e+02
1.429682677905883281e+02
1.520323591904977434e+02
1.586656797519941620e+02
1.594462363718694462e+02
1.538936222090633521e+02
1.455269776028423223e+02
1.381306558918805933e+02
1.319252499216273691e+02
1.280552788324218909e+02
1.268079347939670498e+02
1.238613326831307262e+02
1.202476575289978769e+02
1.201076665853913426e+02
1.224207391410359094e+02
1.239232644815214712e+02
1.245348845309833195e+02
1.263776516075098471e+02
1.289420390818210365e+02
1.302089936953568667e+02
1.293943711031383828e+02
1.266227315475983204e+02
1.226243686648786024e+02
1.190078720958584455e+02
1.165514298651990686e+02
1.153896339127102948e+02
1.151323626737260071e+02
1.162124420913302458e+02
1.183847922254345377e+02
1.170987843533386723e+02
1.164781427426939331e+02
1.172849977359016407e+02
1.196650179386255246e+02
1.234656379532550829e+02
1.279856839318680528e+02
1.317796858128113229e+02
1.335739315197324970e+02
1.330783378034762734e+02
1.315653279459403109e+02
1.304382249468807800e+02
1.299579574349507141e+02
1.292741648960256384e+02
1.280568114528545038e+02
1.286063255425127920e+02
1.313810651712006745e+02
1.338273712076352240e+02
1.352809571911247417e+02
1.379752342471002180e+02
1.421743355742101755e+02
1.478640844334529163e+02
1.555465533456407456e+02
1.613901215646661456e+02
1.620823086836880407e+02
1.573828416176112057e+02
1.504294123793932272e+02
1.444795360339963111e+02
1.397033334494409473e+02
1.361984743460238860e+02
1.347019401581385694e+02
1.327586819464279415e+02
1.300432268626562973e+02
1.296140583092410168e+02
1.310798355916263063e+02
1.322141140408930937e+02
1.325041276254833065e+02
1.333955205684628424e+02
1.343990386290013532e+02
1.344302135218920853e+02
1.326874499285938214e+02
1.292387056323800891e+02
1.248469817827162274e+02
1.208997526907938322e+02
1.180492180152565425e+02
1.166156257619561813e+02
1.161828346511546926e+02
1.171441011529485507e+02
1.190609913267616378e+02
1.178849489707060485e+02
1.175150997944895295e+02
1.186383015779023964e+02
1.213659827928524209e+02
1.253172524295517150e+02
1.302411090598766918e+02
1.347621651746839007e+02
1.377743913058622809e+02
1.389974224110906107e+02
1.390324985196279783e+02
1.388231913337280901e+02
1.387523076387195715e+02
1.387175101884426454e+02
1.383372809920234090e+02
1.389851614476296504e+02
1.403905395520568504e+02
1.419658295308091454e+02
1.435311574767494562e+02
1.456588874568950587e+02
1.482610679577832684e+02
1.525091086418892985e+02
1.585294506949040283e+02
1.633905047197742988e+02
1.640218050088822395e+02
1.601251523912361847e+02
1.545500017416141247e+02
1.500609913267616378e+02
1.469720645093873088e+02
1.445037096380925732e+02
1.425055557490682361e+02
1.410084294123793995e+02
1.398172350134104249e+02
1.393207704900902115e+02
1.399747465951443814e+02
1.404292382179804122e+02
1.404510083945801000e+02
1.404547354488139490e+02
1.400301995889790589e+02
1.386553345640739963e+02
1.357836566930230902e+02
1.314606221045665109e+02
1.266718798982897312e+02
1.223249155317147938e+02
1.193268661395381258e+02
1.176786721933888344e+02
1.170734612839179363e+02
1.178775296945208879e+02
1.196800654846912124e+02
1.186766170887178191e+02
1.183701626667595548e+02
1.196815632728412737e+02
1.224593681423943679e+02
1.266799609878435291e+02
1.321176286182033550e+02
1.372315998467379643e+02
1.413710683061061104e+02
1.440452471350447468e+02
1.455106760946044915e+02
1.463136647044480867e+02
1.466945557142359462e+02
1.468666968546448857e+02
1.470834929812950520e+02
1.475500365738966764e+02
1.482262356752237906e+02
1.494064579051865280e+02
1.506552300672263129e+02
1.517626528266397372e+02
1.532953080915392263e+02
1.563196558570483035e+02
1.609338186631370036e+02
1.647664147131561663e+02
1.652837786060120493e+02
1.621597756801003243e+02
1.575607997492075754e+02
1.543103904698874942e+02
1.526201887909714685e+02
1.512995227977289403e+02
1.498704587411613147e+02
1.485430701173847865e+02
1.478386220349019595e+02
1.475247135044759546e+02
1.475591626319272791e+02
1.476120728691351189e+02
1.472433383259605080e+02
1.465717370859312325e+02
1.449535685673482135e+02
1.422567487547458995e+02
1.382835696123166827e+02
1.334218537740778174e+02
1.281781671252917079e+02
1.235866453028666996e+02
1.203728795847991933e+02
1.184603434463060410e+02
1.176388937267059163e+02
1.183097286565188568e+02
1.200882998362882716e+02
1.191238984290640559e+02
1.189944616670730397e+02
1.204458183844787413e+02
1.231928315162492567e+02
1.275087603190637111e+02
1.332359887143404649e+02
1.388661743704064975e+02
1.438702149151833964e+02
1.477613640321850426e+02
1.504549096102267640e+02
1.521959315893970484e+02
1.533241492214984873e+02
1.538832421888606348e+02
1.542135567243721539e+02
1.544452610679577731e+02
1.549006583301403737e+02
1.555610087429029136e+02
1.558767285520220014e+02
1.556998153889024366e+02
1.562854853878574772e+02
1.586190393256470088e+02
1.624937127729980091e+02
1.657514019993730301e+02
1.661349402626354106e+02
1.635281967327318853e+02
1.595728168866905889e+02
1.569506078233306710e+02
1.559948448221811930e+02
1.557481625970949892e+02
1.555199763140478524e+02
1.547761677522728121e+02
1.542107353094848179e+02
1.539394266606290671e+02
1.538389355254449811e+02
1.534549444425093156e+02
1.524916228360444563e+02
1.509767320352502793e+02
1.483425406666898994e+02
1.445692639938695265e+02
1.399581664286460807e+02
1.346100525967466695e+02
1.291614476296631722e+02
1.245880385941690776e+02
1.211077362499564600e+02
1.190203420530147298e+02
1.182832909540562127e+02
1.187176146852903287e+02
1.206188303319516564e+02
1.196860218050088775e+02
1.196469051516945967e+02
1.209205475634818328e+02
1.237024626423769575e+02
1.278369500853390974e+02
1.336764777595875842e+02
1.396819812602319928e+02
1.451804660559406557e+02
1.498591034170469243e+02
1.534947577414747855e+02
1.560788602877146616e+02
1.578042425720157382e+02
1.587481625970949892e+02
1.591249085652582949e+02
1.591606464871643141e+02
1.593323696401825202e+02
1.591096520254972404e+02
1.583826674561983907e+02
1.573203873349820583e+02
1.573429586540806042e+02
1.595142289874255539e+02
1.632469957156292537e+02
1.661506496220697215e+02
1.665609739106203619e+02
1.641339997910063175e+02
1.605276045839283938e+02
1.580270646835487014e+02
1.573107039604305157e+02
1.579478909052910183e+02
1.587952558431153989e+02
1.587755756034692922e+02
1.586197359712982120e+02
1.583107736249956474e+02
1.580721028248981099e+02
1.573197255216134351e+02
1.556525479814692119e+02
1.533943711031383828e+02
1.500207948726880147e+02
1.457468389703577145e+02
1.407734508342331594e+02
1.351211466787418658e+02
1.296466961579992301e+02
1.250448639799366077e+02
1.213788010728343068e+02
1.193678289038280695e+02
1.188204744156884658e+02
1.192257480232679683e+02
1.209222891776098123e+02
1.201195095614615695e+02
1.199709847086279524e+02
1.210572294402452229e+02
1.237301194747291788e+02
1.276921871190219093e+02
1.333119927548852388e+02
1.394432756278519037e+02
1.452207670068619620e+02
1.503777909366400820e+02
1.546277822285694299e+02
1.578588595910690060e+02
1.600048416872757571e+02
1.612224737887073616e+02
1.617587167787105216e+02
1.617358668013515057e+02
1.612094116827475716e+02
1.600233027970323008e+02
1.581882684872339553e+02
1.566026333205614947e+02
1.567842140095440584e+02
1.591346267720923890e+02
1.628622383224772818e+02
1.657666933714166362e+02
1.661997979727611607e+02
1.638488975582569935e+02
1.602137657180674921e+02
1.574921453202828445e+02
1.567801734647671594e+02
1.576505277090807624e+02
1.592298930648925364e+02
1.604214357866871126e+02
1.607869309275836827e+02
1.607413354697133343e+02
1.603683513880664577e+02
1.591677174405238873e+02
1.571270681667769793e+02
1.543474171862482081e+02
1.505502455675920430e+02
1.458090842592915237e+02
1.404943745863666322e+02
1.349425963983419763e+02
1.297009300219443446e+02
1.250736006130481712e+02
1.215810721376571877e+02
1.197483715907903417e+02
1.191357414051342829e+02
1.195333519105506923e+02
1.211330941516597619e+02
1.203787662405517409e+02
1.201073879271308584e+02
1.210483820404751185e+02
1.235470758298791338e+02
1.272544149918144143e+02
1.326022849977358931e+02
1.386175415374969475e+02
1.444835069142080783e+02
1.499861019192587719e+02
1.544401407224215461e+02
1.579429795534501295e+02
1.604993556027726527e+02
1.618588595910690060e+02
1.624224110905987573e+02
1.621197185551569078e+02
1.608197429377547110e+02
1.587371904280887520e+02
1.562066599324253673e+02
1.545157964401407185e+02
1.551838447873489031e+02
1.579543697098471000e+02
1.614252673377686449e+02
1.643379428053920321e+02
1.649647845623323690e+02
1.627598662440349813e+02
1.589465324462711919e+02
1.558863422620084407e+02
1.547855724685638563e+02
1.554142255041972760e+02
1.573069769061966667e+02
1.593720784423003352e+02
1.606341913685603799e+02
1.610998989863805662e+02
1.607549548921940925e+02
1.592755233550454648e+02
1.570863840607474913e+02
1.540605036748058012e+02
1.500078024312933280e+02
1.450240691072486072e+02
1.395754989724476616e+02
1.341462259221846693e+02
1.290729039673969964e+02
1.249247274373889667e+02
1.215477376432477570e+02
1.199927548852276260e+02
1.194498937615381919e+02
1.196675606952523623e+02
1.211747187293183288e+02
1.204132153680030655e+02
1.200899369535685679e+02
1.209167160124002862e+02
1.231694242223692868e+02
1.265923926294890123e+02
1.314635131840189501e+02
1.372953429238218064e+02
1.431273119927548976e+02
1.487384095579783434e+02
1.531037653697446785e+02
1.567420321153645091e+02
1.593722874359956734e+02
1.607681911595666975e+02
1.611935629941829973e+02
1.604995297641854393e+02
1.586019366749103199e+02
1.558235744888362433e+02
1.531310390469887466e+02
1.518561078407468017e+02
1.530568811174196355e+02
1.557918074471420198e+02
1.588791668118011842e+02
1.615488174440071134e+02
1.623031801873976860e+02
1.602047093246020495e+02
1.566222090633599180e+02
1.536251349750949089e+02
1.523417395241910128e+02
1.525503500644397263e+02
1.542998014559894102e+02
1.567034031140060506e+02
1.585706224528893244e+02
1.596730990281793083e+02
1.595045804451565630e+02
1.581343829461144708e+02
1.557901703298617235e+02
1.525075760214566856e+02
1.483646939983977120e+02
1.435081681702602054e+02
1.383251941899752637e+02
1.330095788777038592e+02
1.281950259500505069e+02
1.243326482984429902e+02
1.211329199902469611e+02
1.198407119718555123e+02
1.194195896757114497e+02
1.196007872095858460e+02
1.211300637430770877e+02
1.204370406492737402e+02
1.201375178515448141e+02
1.208663136995367324e+02
1.226461388414782760e+02
1.258204744156884658e+02
1.300822041868403574e+02
1.355662335852868523e+02
1.412320178341286692e+02
1.464539343063150909e+02
1.508692047789891717e+02
1.544871294715942724e+02
1.570158835208471260e+02
1.583486014838552478e+02
1.586132571667421303e+02
1.576609773938486114e+02
1.553178445783552206e+02
1.522391236197707940e+02
1.495974781427426876e+02
1.487523076387195715e+02
1.494764707931310852e+02
1.515399003796718773e+02
1.545877251036260418e+02
1.571841931101745047e+02
1.577383398934132117e+02
1.556746664808945013e+02
1.526662370685151018e+02
1.501714444947577363e+02
1.490225713190985459e+02
1.492670939426660652e+02
1.507376432477620369e+02
1.532019924065623968e+02
1.554235953882057970e+02
1.568051482113622797e+02
1.569202689052213486e+02
1.558953289909087800e+02
1.535119648890591861e+02
1.502800515517782003e+02
1.463666794385036098e+02
1.416099480998989861e+02
1.367029154620502140e+02
1.317045525793305103e+02
1.270626981086070515e+02
1.233593298268835525e+02
1.207614685290327117e+02
1.196086593054442915e+02
1.191931450067922924e+02
1.194085478421400950e+02
1.209988157023929745e+02
1.204090354940959315e+02
1.201624229335748311e+02
1.207216203977846618e+02
1.222004946184123497e+02
1.248785049984325468e+02
1.286928141001079666e+02
1.336062210456651087e+02
1.388908356264585962e+02
1.439579574349507141e+02
1.480599115260023098e+02
1.514639660036922351e+02
1.539075202898045802e+02
1.552507924344282344e+02
1.552381831481417009e+02
1.539378940401964542e+02
1.517099515831272356e+02
1.488824410463617767e+02
1.463149186666202297e+02
1.447976592706120016e+02
1.443898777386882273e+02
1.455830924100456230e+02
1.483861855167369015e+02
1.509261903932564621e+02
1.513830854435891240e+02
1.495742450102755186e+02
1.470808108955379794e+02
1.452918945278483989e+02
1.449059528370894157e+02
1.459330175206381170e+02
1.475593019610575141e+02
1.499423177400815064e+02
1.521406875892577375e+02
1.533789404019645417e+02
1.537152809223588292e+02
1.528586854296562194e+02
1.506423769549618612e+02
1.475530669824793506e+02
1.438164338709115668e+02
1.394612490856525824e+02
1.348067156640774726e+02
1.301454944442509429e+02
1.258157023929778120e+02
1.224336270855829127e+02
1.203034936779407218e+02
1.194046117942108793e+02
1.190170329861715857e+02
1.192012609286286562e+02
1.208092584207043103e+02
1.201461910899021177e+02
1.199848131248040630e+02
1.203636838622034873e+02
1.215966770002438295e+02
1.239566338082134536e+02
1.274150963112612800e+02
1.317306419589675670e+02
1.364172559127799786e+02
1.412531958619248371e+02
1.450974607266014118e+02
1.482750705353721798e+02
1.504259988157023997e+02
1.515097356229753700e+02
1.514991814413598661e+02
1.502747918771117099e+02
1.484719077641157696e+02
1.463447699327736871e+02
1.439567731373437027e+02
1.416881117419624445e+02
1.399462886202932737e+02
1.397973806123515317e+02
1.420854435891183982e+02
1.445914521578598908e+02
1.449730746455815336e+02
1.433689435368699776e+02
1.411915427217945478e+02
1.404666829217318593e+02
1.416463826674562085e+02
1.436151032777177932e+02
1.457520289804591016e+02
1.475456825385767559e+02
1.489870075586053133e+02
1.499177261485945110e+02
1.502121634330697759e+02
1.494437632798077118e+02
1.473296178898603159e+02
1.446534884530983334e+02
1.411778536347486863e+02
1.370059911526002168e+02
1.326625100142812244e+02
1.284199031662544712e+02
1.243920025079243459e+02
1.215598941098610197e+02
1.198205440802535833e+02
1.190738792713086553e+02
1.188485840677139578e+02
1.191940158138562822e+02
1.207461771569890914e+02
1.200309658991953796e+02
1.196957051795604201e+02
1.197804869553101810e+02
1.209482740603991715e+02
1.230438538437423830e+02
1.260819603608624533e+02
1.300322546936500885e+02
1.341681354279145921e+02
1.385161099306837684e+02
1.420991675084468397e+02
1.449870075586053133e+02
1.469369187362847811e+02
1.478262565745933443e+02
1.477483367585077758e+02
1.470795569333658364e+02
1.461836009613709848e+02
1.447698282768469937e+02
1.428371939113170015e+02
1.404735797136786459e+02
1.380958584416036672e+02
1.371482461945731188e+02
1.382918248632832956e+02
1.396861263018565467e+02
1.399347939670486483e+02
1.391674387822633889e+02
1.381844369361524230e+02
1.384265909645058912e+02
1.402397854331394456e+02
1.427229788568044739e+02
1.446222438956424696e+02
1.457961614824619403e+02
1.463444216099481139e+02
1.467550593890417758e+02
1.466980041102093537e+02
1.458468076213034124e+02
1.441031035563760554e+02
1.418181058204744147e+02
1.384945139154968956e+02
1.346146156257619566e+02
1.306487512626702312e+02
1.267567313386046237e+02
1.230595980354592598e+02
1.207251384583231726e+02
1.192960047371904295e+02
1.186499007279947051e+02
1.185524051691107275e+02
1.187581594621895533e+02
1.205274304225155930e+02
1.197787453411822014e+02
1.191891741265805109e+02
1.192663972970148762e+02
1.202895607649169278e+02
1.220443066634156537e+02
1.246063603747953579e+02
1.281047058413737716e+02
1.320415549130934494e+02
1.359048033717649560e+02
1.392692883764673013e+02
1.419510258107213758e+02
1.435393082308683574e+02
1.442603016475669619e+02
1.443174962555296190e+02
1.441839492841965864e+02
1.440643352258873620e+02
1.434529938346859979e+02
1.422308335365216578e+02
1.403586331812323635e+02
1.382195130446898190e+02
1.370403706154864381e+02
1.371940158138562822e+02
1.373825977916332874e+02
1.375603817618168421e+02
1.376834093838169224e+02
1.378630394649761399e+02
1.384552231007697856e+02
1.401796300811592175e+02
1.422487373297572049e+02
1.434882092723536289e+02
1.440643700581699136e+02
1.439323905395520455e+02
1.437851544811731515e+02
1.434778640844334632e+02
1.425281270681667820e+02
1.411426033647985037e+02
1.389892019924065494e+02
1.359513393012644258e+02
1.325051377616775312e+02
1.288894771674387698e+02
1.253449092619039362e+02
1.219622069734229655e+02
1.198261869100282127e+02
1.185682190253927359e+02
1.180496360026472473e+02
1.179515134626772124e+02
1.182973631962102417e+02
1.203608276150336138e+02
1.194068062280121154e+02
1.187426242641680290e+02
1.186115155526141649e+02
1.195711797694102927e+02
1.211911943989689604e+02
1.232698108607057037e+02
1.263497857814622591e+02
1.299834894980668025e+02
1.334041589745376086e+02
1.367190079765927067e+02
1.392131039046988690e+02
1.405142638197081055e+02
1.410490090215611758e+02
1.412504441116026328e+02
1.412909540562193058e+02
1.413796718798982965e+02
1.413776167752272670e+02
1.409159497021839798e+02
1.397536660977393979e+02
1.380907380960674402e+02
1.368347556515378471e+02
1.368356612908843886e+02
1.369491448674631613e+02
1.370364693998397740e+02
1.372614511128914216e+02
1.374707234665087583e+02
1.380662161691455765e+02
1.394256156605942465e+02
1.407663102163084829e+02
1.413959385558535757e+02
1.415510467100909011e+02
1.412195478769723707e+02
1.408625169807377517e+02
1.404823574488836186e+02
1.396978299487965387e+02
1.384974746595144381e+02
1.364602041171758060e+02
1.338842871573374111e+02
1.305746978299488035e+02
1.269612665017938582e+02
1.237204012678950846e+02
1.208035459263645492e+02
1.189291163049914672e+02
1.177388275453690483e+02
1.173328224598557910e+02
1.174915880037618905e+02
1.180767355184785288e+02
1.202465428959559688e+02
1.191914382249468787e+02
1.183420878470166144e+02
1.180112159949841555e+02
1.188509526629279947e+02
1.202634713852798711e+02
1.220214218537740720e+02
1.246130133407642262e+02
1.280364693998397740e+02
1.312959350726252978e+02
1.344197986694068163e+02
1.369660036922219604e+02
1.381746142324706454e+02
1.385633076735518614e+02
1.383529206868926167e+02
1.380010798007593564e+02
1.379214532028283884e+02
1.378036504232122468e+02
1.376866487860949633e+02
1.370562541363335640e+02
1.359485875509422215e+02
1.353218851231321196e+02
1.353730537462119798e+02
1.353372809920234090e+02
1.354359956807969638e+02
1.358084224459228722e+02
1.360896582953080838e+02
1.364038803162771387e+02
1.372351527395590267e+02
1.378781566756069594e+02
1.381135880734264560e+02
1.380556271552474925e+02
1.378361837751227768e+02
1.378110696993973932e+02
1.378194294472116894e+02
1.375328990908774358e+02
1.363950677487895859e+02
1.343647288306802636e+02
1.319143822494688152e+02
1.287464558152495613e+02
1.253252986868229470e+02
1.220945348148664209e+02
1.195908948413389510e+02
1.179322163781392589e+02
1.171014316068131933e+02
1.169796231147027044e+02
1.170546518513358194e+02
1.177177888467031295e+02
1.199587934097321380e+02
1.190048068549932054e+02
1.180824480128182756e+02
1.176410533282246007e+02
1.181776446410533339e+02
1.192769514786303944e+02
1.206814239437110245e+02
1.229932773694660142e+02
1.262688007245114790e+02
1.296187954996690905e+02
1.326897140269601891e+02
1.352543104949667452e+02
1.365665470758298738e+02
1.365881082587341950e+02
1.358005503500644409e+02
1.348914626075446677e+02
1.341744052387753072e+02
1.336062907102302404e+02
1.335000522484238275e+02
1.330470584137378580e+02
1.325549827580201452e+02
1.323755268382737142e+02
1.326201539586889169e+02
1.325710056079975061e+02
1.325357901703298751e+02
1.327302936361419654e+02
1.327661012226131163e+02
1.327894040196454171e+02
1.330830749939043471e+02
1.334532028283813361e+02
1.334887317565920171e+02
1.337505660245915919e+02
1.343666794385036098e+02
1.350777108223902019e+02
1.357224215402835341e+02
1.358786791598453476e+02
1.348532515935769140e+02
1.327286565188616692e+02
1.301422550419729021e+02
1.270133059319377224e+02
1.237079661430213520e+02
1.207375387509143536e+02
1.185376711135880754e+02
1.171893831202758776e+02
1.166923961127172618e+02
1.166243686648786024e+02
1.166392420495315037e+02
1.173164164547702768e+02
1.196857431467484076e+02
1.187490682364415306e+02
1.179334006757462845e+02
1.173101466439095759e+02
1.175919398098157416e+02
1.183523285380890968e+02
1.193537218293914748e+02
1.212515239123619750e+02
1.243478700059214930e+02
1.276685359991640212e+02
1.308999616844891705e+02
1.336592009474380802e+02
1.351063081263715162e+02
1.350638127416489738e+02
1.342401685882475988e+02
1.327463861506844580e+02
1.310423560555923359e+02
1.295852868438468875e+02
1.286918387961963219e+02
1.281313873698143482e+02
1.278715733742032086e+02
1.280123654603086152e+02
1.285017590302692554e+02
1.288467379567383091e+02
1.287231878504998406e+02
1.287121808492110517e+02
1.283962172141140456e+02
1.280835626458601837e+02
1.282007732766728338e+02
1.284990769445121828e+02
1.289099933818663146e+02
1.298313420878470197e+02
1.316161482461945695e+02
1.330944999825838693e+02
1.340488696924309409e+02
1.342327841443449756e+02
1.331482461945731188e+02
1.311041136925702801e+02
1.284294123793932272e+02
1.252280121216343360e+02
1.220501584868856497e+02
1.193521543766763102e+02
1.175718415827789158e+02
1.164750078372635755e+02
1.162180500888223236e+02
1.160982618691002841e+02
1.162293705806541482e+02
1.169666655055905835e+02
1.194739280365042333e+02
1.184478386568671908e+02
1.176201539586889169e+02
1.168917412658051518e+02
1.169055348496986966e+02
1.174714201121599473e+02
1.181840537810442697e+02
1.196466613257166784e+02
1.223294088961649635e+02
1.256189696610818913e+02
1.288217980424257121e+02
1.318022919641924204e+02
1.336286182033508680e+02
1.340356682573409159e+02
1.334302831864572170e+02
1.319134069455571421e+02
1.295199414817653008e+02
1.270631509282803364e+02
1.254613884147828173e+02
1.242334111254310471e+02
1.238152844055870929e+02
1.241520080810895479e+02
1.249605698561426692e+02
1.255731652095161763e+02
1.255952488766588857e+02
1.256428297746351319e+02
1.251894179525584292e+02
1.248110696993974074e+02
1.248716082064857744e+02
1.252976070221881599e+02
1.262601623184367270e+02
1.280018112786930828e+02
1.303903305583614838e+02
1.321519384165244446e+02
1.329030269253544247e+02
1.327550245567591958e+02
1.314109512696367119e+02
1.291204500330906626e+02
1.265016545334215721e+02
1.233523633703716627e+02
1.202966665505590527e+02
1.180708140304434153e+02
1.165704831237591037e+02
1.156839667003378764e+02
1.155554007454108500e+02
1.154842035598592815e+02
1.159010763175310927e+02
1.167133303145355114e+02
1.192495733045386430e+02
1.181470967292486733e+02
1.171964889059180024e+02
1.164811034867114898e+02
1.161935281619004456e+02
1.164660559406457878e+02
1.169762792155769944e+02
1.181507541189174191e+02
1.202722839527674239e+02
1.234525758472952788e+02
1.267632798077257945e+02
1.297489637395938473e+02
1.322279076247866385e+02
1.330116339823748604e+02
1.326848723396844321e+02
1.314747640112856573e+02
1.293529206868926167e+02
1.266692674770977760e+02
1.245272562611027922e+02
1.232763593298268887e+02
1.228053572050576463e+02
1.232638545403880386e+02
1.242366505277090738e+02
1.247690967989132389e+02
1.247603190637082378e+02
1.246244731617262858e+02
1.241723501341042919e+02
1.236203281201017035e+02
1.236417151415932238e+02
1.242396809362917622e+02
1.257508098505695102e+02
1.278518583022745503e+02
1.300693859068584857e+02
1.315488522762896650e+02
1.318791668118011842e+02
1.312891776098087746e+02
1.296579818175485173e+02
1.273148490020550980e+02
1.245437667630359755e+02
1.213964262078093981e+02
1.185476331464000879e+02
1.167625134975094880e+02
1.155442544149918120e+02
1.150639172384966429e+02
1.149612665017938582e+02
1.149902469608833400e+02
1.155713539308230935e+02
1.164739977010693508e+02
1.189749555888397339e+02
1.177822634017207122e+02
1.167579156362116350e+02
1.160782681389111417e+02
1.155300080114249823e+02
1.154241875370093027e+02
1.158408513009857472e+02
1.168646765822564362e+02
1.185454387125988376e+02
1.213947194259639843e+02
1.245269776028423081e+02
1.275217179281758320e+02
1.302792852415618654e+02
1.316521299940785070e+02
1.319220801839144599e+02
1.312666759552753604e+02
1.296446410533282290e+02
1.273264133198648551e+02
1.252737817409174852e+02
1.240081507541189154e+02
1.234616322407607356e+02
1.239478212407259008e+02
1.246588177923299270e+02
1.249671531575464201e+02
1.250121912988958144e+02
1.247868612630185652e+02
1.243473126894005389e+02
1.239559023302796987e+02
1.239204430666341494e+02
1.247625134975094880e+02
1.265794001880943256e+02
1.284780730781288014e+02
1.299777770037270557e+02
1.307588561078407565e+02
1.306409139990943515e+02
1.296299418300881143e+02
1.276704517747048016e+02
1.251916820509247970e+02
1.223234177435647325e+02
1.193202131735692575e+02
1.166716012400292612e+02
1.153207704900902115e+02
1.146340520394301450e+02
1.143917935142289934e+02
1.143848618899996552e+02
1.147957086627886696e+02
1.155588839736667950e+02
1.163689783691525292e+02
1.187903793235570760e+02
1.174915531714793246e+02
1.164494409418649212e+02
1.156466961579992301e+02
1.150112856595492730e+02
1.148305061130655957e+02
1.151275558187328016e+02
1.157304329652722146e+02
1.168908356264585962e+02
1.192307987042390920e+02
1.220486606987355884e+02
1.251405134278449225e+02
1.279530460831098253e+02
1.298781218433243794e+02
1.308959211397122715e+02
1.309302309380333611e+02
1.301206590267860292e+02
1.285625413633355265e+02
1.271061339649587296e+02
1.258661743704064975e+02
1.253089971785851162e+02
1.253896339127102948e+02
1.256739698352432981e+02
1.257070256713922447e+02
1.256886342262008469e+02
1.255688111741962416e+02
1.252749660385245107e+02
1.251235501062384685e+02
1.252203838517538088e+02
1.262936709742589443e+02
1.278207879062315016e+02
1.291366122121982585e+02
1.297723013689086997e+02
1.298414086175067155e+02
1.293050611306559006e+02
1.276175067052143959e+02
1.255220314187188677e+02
1.228382737120763579e+02
1.198871085722247329e+02
1.173007767599010833e+02
1.151214601692848873e+02
1.140858615765091031e+02
1.135317844578355277e+02
1.135178515448117338e+02
1.139083562645860184e+02
1.144126580514821114e+02
1.153368978369152558e+02
1.162553902957260732e+02
1.184214009544045467e+02
1.172598488278936912e+02
1.162485631683444183e+02
1.153544881396077955e+02
1.145666167403949913e+02
1.142426416803093048e+02
1.142860078720958654e+02
1.145709359434323744e+02
1.153552544498241019e+02
1.170752028980459158e+02
1.194226897488592414e+02
1.225292068689261242e+02
1.255126267024278093e+02
1.278280330210038613e+02
1.294548747779442124e+02
1.301170364693998351e+02
1.300277264969173530e+02
1.295108154237347264e+02
1.285385767529346310e+02
1.273690480337176467e+02
1.268667665192100031e+02
1.270144553972621821e+02
1.271085025601727665e+02
1.269885401790379262e+02
1.268771117071301688e+02
1.269106203629523861e+02
1.267222473788707333e+02
1.265949005538332983e+02
1.269779163328572906e+02
1.280310007314779455e+02
1.290436796823295822e+02
1.294567557212023985e+02
1.292219861367515534e+02
1.287855028039987531e+02
1.275081681702601912e+02
1.254285067400466716e+02
1.231472012260963425e+02
1.203336584346372149e+02
1.175663380821345214e+02
1.152952732592566747e+02
1.138134382946114442e+02
1.128326657145842802e+02
1.124574523668536017e+02
1.127904489881221934e+02
1.133149883311853472e+02
1.139539865547389326e+02
1.148817792329931393e+02
1.158979414121007352e+02
1.179647845623323690e+02
1.169799017729631885e+02
1.160224319899682968e+02
1.150469190846076089e+02
1.143302100386638358e+02
1.137882197220383915e+02
1.134343237312341017e+02
1.134449824096973032e+02
1.140142812358493813e+02
1.152648646765822633e+02
1.172240412414225545e+02
1.200123306280260493e+02
1.229949493190288763e+02
1.255334215751158240e+02
1.276473231390853016e+02
1.289842558082831090e+02
1.295758124629907115e+02
1.297519244836114183e+02
1.296180640217353357e+02
1.289377547110662192e+02
1.284827406039917719e+02
1.285785642133128874e+02
1.285979657946985242e+02
1.283644153401372421e+02
1.282528475390992355e+02
1.283359573652861343e+02
1.283631613779650991e+02
1.284386777665540365e+02
1.287634888014211469e+02
1.291810582047441471e+02
1.296346093559510848e+02
1.292900832491553160e+02
1.283945800968337494e+02
1.272878539830715141e+02
1.254402800515517811e+02
1.233408338848444714e+02
1.207469434672054120e+02
1.180080114249886805e+02
1.155094917969974517e+02
1.138691699467066059e+02
1.127615033613152633e+02
1.117138876310564655e+02
1.116268417569403368e+02
1.123856630324985133e+02
1.130028910794524393e+02
1.137266014141906680e+02
1.144830192622522560e+02
1.156798216587132941e+02
1.177091156083458117e+02
1.167232226827824064e+02
1.158749869378940360e+02
1.149036539064404820e+02
1.140442369988505362e+02
1.133185412240064096e+02
1.128088752655961571e+02
1.125488174440070992e+02
1.126866487860949491e+02
1.136809362917552022e+02
1.153779999303354344e+02
1.176934410811940523e+02
1.205248528336061895e+02
1.231210770141767341e+02
1.253352258873523937e+02
1.271874673447350972e+02
1.286784283674109304e+02
1.295139154968825039e+02
1.300083597478142678e+02
1.301297502525340519e+02
1.298997178585112806e+02
1.298395973388136042e+02
1.299580619317983974e+02
1.298842523250548595e+02
1.297334633738548746e+02
1.298721655230067142e+02
1.300484168727576844e+02
1.300610958236093211e+02
1.297625831620746055e+02
1.297096380925842141e+02
1.295406666898881838e+02
1.285803058274408670e+02
1.271637813925946574e+02
1.253584938521021286e+02
1.231977080358075796e+02
1.209425267337768588e+02
1.183914800236859577e+02
1.160148733846529012e+02
1.139661778536347470e+02
1.125811418022223052e+02
1.116057333937092864e+02
1.110920268905221349e+02
1.111399212790414168e+02
1.118572921383538272e+02
1.124676233933609666e+02
1.132565397610505471e+02
1.141460517607718828e+02
1.152943676199101333e+02
1.174618412344560880e+02
1.165449858929255669e+02
1.156037827858859544e+02
1.147508098505695102e+02
1.138534605872722807e+02
1.129756174022083712e+02
1.123543488104775463e+02
1.119330175206381313e+02
1.116498310634295876e+02
1.122117802779616085e+02
1.137359016336340574e+02
1.157612943676199109e+02
1.183618377512278386e+02
1.206582604758089730e+02
1.226708000975303889e+02
1.248897906579818198e+02
1.270252882371381844e+02
1.283930126441185564e+02
1.293730537462119798e+02
1.302406562402034069e+02
1.305148211362290454e+02
1.306766170887178191e+02
1.308124629906997711e+02
1.306423072903967295e+02
1.305649796231147093e+02
1.307998885366958177e+02
1.309840119823051907e+02
1.308124629906997711e+02
1.301650701870493663e+02
1.298374029050123681e+02
1.289926503883799569e+02
1.274830192622522560e+02
1.255506983872653137e+02
1.232119544393744093e+02
1.208682294750774986e+02
1.185450555574906844e+02
1.162355358946671799e+02
1.142002159601518656e+02
1.126560660420077369e+02
1.115670695600682762e+02
1.107656832352223972e+02
1.105286147201226044e+02
1.107455850081855857e+02
1.114050297816015842e+02
1.120906684315023227e+02
1.129026437702462573e+02
1.137734508342331736e+02
1.147741474798843626e+02
1.174439722735030784e+02
1.164767494513915551e+02
1.155103626040614415e+02
1.146900971820683424e+02
1.137927479187711128e+02
1.128376815632728380e+02
1.121067261137622353e+02
1.114745550175903048e+02
1.111860392211501676e+02
1.114436239506774911e+02
1.122876449893761475e+02
1.140983315336654016e+02
1.164071197185551512e+02
1.185052074262426487e+02
1.203337629314848982e+02
1.224534466543592544e+02
1.246940680622801239e+02
1.267133651468180773e+02
1.279807029154620466e+02
1.292786582604758223e+02
1.299737712912327083e+02
1.303539656553693931e+02
1.305800271691803971e+02
1.307154899160541959e+02
1.307946288620293274e+02
1.309300219443380229e+02
1.308275802013305906e+02
1.303781740917482352e+02
1.298465986276080741e+02
1.290159880176948093e+02
1.274700964854226868e+02
1.256158695879340996e+02
1.234008150754118986e+02
1.209764185447072293e+02
1.187644292730502684e+02
1.163978194991117761e+02
1.144609704273921125e+02
1.127711170713016884e+02
1.116437702462642392e+02
1.107607718833815227e+02
1.102768121495001594e+02
1.101492563307673578e+02
1.105435229370580714e+02
1.113329269567034743e+02
1.117844926678045283e+02
1.126999895503152374e+02
1.135844160367828835e+02
1.144770977742171425e+02
1.174681807098819206e+02
1.164889059180048037e+02
1.154737538750914325e+02
1.146562053711379718e+02
1.136571806750496307e+02
1.126871364380507856e+02
1.120876031906370827e+02
1.113544533073252296e+02
1.110733567870702529e+02
1.110811243860810151e+02
1.115868194642795004e+02
1.128106517120066883e+02
1.145394127277160408e+02
1.165789473684210549e+02
1.180851300985753625e+02
1.198935873767808005e+02
1.220677139572956236e+02
1.241567104392350842e+02
1.259198857501132096e+02
1.272583858720261958e+02
1.282140443763279904e+02
1.287666933714166362e+02
1.291520080810895479e+02
1.294062489114911614e+02
1.294810686544289240e+02
1.295422689748859284e+02
1.292948901041485215e+02
1.287745306349925158e+02
1.281725939600821960e+02
1.269786129785084796e+02
1.252992789717510220e+02
1.231947124595074712e+02
1.209357344386777697e+02
1.187122505137761692e+02
1.167313037723362044e+02
1.146168100595632069e+02
1.130684802675119300e+02
1.118565258281375208e+02
1.109493190288759621e+02
1.103314291685534130e+02
1.100519349332961809e+02
1.101480720331603322e+02
1.106332508969312727e+02
1.111584172210804979e+02
1.116822947507750143e+02
1.127510885088299801e+02
1.135651537845274959e+02
1.144748685081333406e+02
1.174442509317635626e+02
1.164092793200738498e+02
1.152245985579435086e+02
1.142888641192657389e+02
1.134840990630115982e+02
1.124283674109164366e+02
1.119662475181998644e+02
1.113736458950154997e+02
1.110193667491030709e+02
1.108778083527813578e+02
1.111622836044445961e+02
1.119927548852276260e+02
1.133522937058065452e+02
1.148959559719948516e+02
1.162557734508342264e+02
1.177819847434602423e+02
1.197916681180117706e+02
1.216325542512800837e+02
1.234516702079487231e+02
1.248320039012156428e+02
1.257979379288724857e+02
1.264124838900693106e+02
1.267162910585530682e+02
1.269728308196036153e+02
1.271396077884983811e+02
1.270818210317322041e+02
1.267930614093141486e+02
1.263510049113518363e+02
1.255815249573304584e+02
1.245159357692709534e+02
1.227165348845309865e+02
1.206057333937092864e+02
1.186148594517398749e+02
1.168132293009160918e+02
1.151726636246473277e+02
1.134556759204430705e+02
1.121501271378313476e+02
1.110911909157407109e+02
1.105676965411543478e+02
1.101317356926399356e+02
1.099255634121704048e+02
1.101600891706433458e+02
1.106648089449301580e+02
1.108686474624682177e+02
1.115275000870807105e+02
1.126733428541572266e+02
1.134749381726984581e+02
1.143204918318297416e+02
