8.246420773004116711e+01
8.103370210552223796e+01
7.982639721539031541e+01
7.825291540588676753e+01
7.652613294484653750e+01
7.474017863106163873e+01
7.315835616180780221e+01
7.158236346200020250e+01
7.034572967176761438e+01
6.939848634150241935e+01
6.858716610903140065e+01
6.811731974143447133e+01
6.761204281687587070e+01
6.713111103815265324e+01
6.683172322262761611e+01
6.664554379407123008e+01
6.635876574394468719e+01
6.607817561031926346e+01
6.584351697485350030e+01
6.563563242127925434e+01
6.558848262663461526e+01
6.550002455355050301e+01
6.543736771080611447e+01
6.549262230645959448e+01
6.554842909427370046e+01
6.561593069893632446e+01
6.567635718076979856e+01
6.581500628509787987e+01
6.587604026672789814e+01
6.598350252473845501e+01
6.623269834441575199e+01
6.647823723308299293e+01
6.671610790914795075e+01
6.696707900968968374e+01
6.735357904339392121e+01
6.775155636351868793e+01
6.802188144423429605e+01
6.858625827186338597e+01
6.951597466607682918e+01
7.065711536154265104e+01
7.188517238743848736e+01
7.298565169858490265e+01
7.462293888508028772e+01
7.634853707881552509e+01
7.783554399046003880e+01
7.956199630993495475e+01
8.081913839706257363e+01
8.201648419752015684e+01
8.191906171129116387e+01
8.054066764954031044e+01
7.927258825816925025e+01
7.742157130217154304e+01
7.561486808787383040e+01
7.393925302201513716e+01
7.214129311481870843e+01
7.060258279201984521e+01
6.958458556038640097e+01
6.850472885411966217e+01
6.783220029865364609e+01
6.729341030528736667e+01
6.672846313769572646e+01
6.635760955280781559e+01
6.602180068019785608e+01
6.564665234824110485e+01
6.524913734083899897e+01
6.489856426013037094e+01
6.465047127989961950e+01
6.440091979590479809e+01
6.428151158649619390e+01
6.415042710624452127e+01
6.409450245488399389e+01
6.415415872229709748e+01
6.426737872260778772e+01
6.428532988024986139e+01
6.439532034255027781e+01
6.452981927397085826e+01
6.465224770510661756e+01
6.483728921723724170e+01
6.505394573218795529e+01
6.535790527683936091e+01
6.558748453131380529e+01
6.599592258644877063e+01
6.640284302244117498e+01
6.681559611723488956e+01
6.725056255820501860e+01
6.771840858359918514e+01
6.869548504889061746e+01
6.980372085300243157e+01
7.099581635407477620e+01
7.212555050670455614e+01
7.367615751058151830e+01
7.545813732948970198e+01
7.713655404049632125e+01
7.895032563306403972e+01
8.034457763196736835e+01
8.156645316992052130e+01
8.140354593271834460e+01
8.003802330837179113e+01
7.863089266477409467e+01
7.667936664061006979e+01
7.488643923856812989e+01
7.319219494118576108e+01
7.131381782012083193e+01
7.000768342164157332e+01
6.882699486326038141e+01
6.775434044528965671e+01
6.703287630378338235e+01
6.656497564132783396e+01
6.599427048800708917e+01
6.553155464833457700e+01
6.499647601971426525e+01
6.450761048585620472e+01
6.403594630939257115e+01
6.366565333022745676e+01
6.335029324925162797e+01
6.310383808061160948e+01
6.290820814400835559e+01
6.273467623285031891e+01
6.264615145014567332e+01
6.272210157149004317e+01
6.277595649768295516e+01
6.276664578325427613e+01
6.285102597295288263e+01
6.302440642775545854e+01
6.323962744235769406e+01
6.352981037285445609e+01
6.390585276946657700e+01
6.432845153223301793e+01
6.466186071801254798e+01
6.505512514963308490e+01
6.542691792786364147e+01
6.590660521606500311e+01
6.648835044613205980e+01
6.703893039887249472e+01
6.788065395472253272e+01
6.896275381356228706e+01
7.020394954727127867e+01
7.146132667354874002e+01
7.291259828654946773e+01
7.465098261194772533e+01
7.636877969427958135e+01
7.833286334828838449e+01
7.992974436818006723e+01
8.128661158453449787e+01
8.096651015090023407e+01
7.942426650637005991e+01
7.777428065921485256e+01
7.597219546675384549e+01
7.407244480071885562e+01
7.231195786474943077e+01
7.073047182619116313e+01
6.915061860322299481e+01
6.780239670448558797e+01
6.695371802437938413e+01
6.622863361001989801e+01
6.563837505713631515e+01
6.501606747142895415e+01
6.448020774731546112e+01
6.388088026082658644e+01
6.325424735685822952e+01
6.281958347061851100e+01
6.239036353812033298e+01
6.197025024347716027e+01
6.163998577327252093e+01
6.142841658049360376e+01
6.124712765700566308e+01
6.114085695964958234e+01
6.110548579474265551e+01
6.110650235931146312e+01
6.111906100599929204e+01
6.117212285158928609e+01
6.142734562855216751e+01
6.166038222396532831e+01
6.211362439856566198e+01
6.261396918733038319e+01
6.312161000831204660e+01
6.354360139724261813e+01
6.400098256923398310e+01
6.449617738970410130e+01
6.504119894889622344e+01
6.567287557715938817e+01
6.626100461836074373e+01
6.703410102667072579e+01
6.813462779660362401e+01
6.927485080375461735e+01
7.066205495044273732e+01
7.212531579096376788e+01
7.396640863342099692e+01
7.570839912111060244e+01
7.770113825204450109e+01
7.936832123873594469e+01
8.087684875832837861e+01
8.052680841291423519e+01
7.900978684235177241e+01
7.735312801998745158e+01
7.538120232983075653e+01
7.336150966726332001e+01
7.168850075550891177e+01
7.005561244004327648e+01
6.834332868694485796e+01
6.714400987015051214e+01
6.632663166234328855e+01
6.552431969208122098e+01
6.482220915104355186e+01
6.410346375850411960e+01
6.350144732353393096e+01
6.280407040362765514e+01
6.219023594273432565e+01
6.163453484695811824e+01
6.114104839577728256e+01
6.075199353511164446e+01
6.039508961677184118e+01
6.013900767635754363e+01
6.002587055806910854e+01
5.977556298130480883e+01
5.965171244629619451e+01
5.956305808045470940e+01
5.958416225201230532e+01
5.968603834241590533e+01
5.999231427877264622e+01
6.038384123130384751e+01
6.081638553446440909e+01
6.132365284263066485e+01
6.200586697209042342e+01
6.253510056841215459e+01
6.300542514068343536e+01
6.358699724072290849e+01
6.427601322948713403e+01
6.487274002478581281e+01
6.555492501598767774e+01
6.638451330240874881e+01
6.730659523983433701e+01
6.847927726546355132e+01
6.993957072481185833e+01
7.141728332468944984e+01
7.330482163409365626e+01
7.512023984246458497e+01
7.712940548479686242e+01
7.885968541255515163e+01
8.035730864487695158e+01
8.018383280913323574e+01
7.855866644819394651e+01
7.681713981317957973e+01
7.469932596579828044e+01
7.277824682529565337e+01
7.097521591805714536e+01
6.935540539050089137e+01
6.777494942542710987e+01
6.657640889672852325e+01
6.555350293879845935e+01
6.481525473291715400e+01
6.402589015670173467e+01
6.327347209065043643e+01
6.247470493413839421e+01
6.176396966704349012e+01
6.113839620863718949e+01
6.050014170618373299e+01
5.993877277029017137e+01
5.943833438765815202e+01
5.918520737600218951e+01
5.890575214605629384e+01
5.871593425140288502e+01
5.846318642359862849e+01
5.829426735812437954e+01
5.826163089672434836e+01
5.830604739312558138e+01
5.842535414562205176e+01
5.858280057125978146e+01
5.892799961305808409e+01
5.958182146394283762e+01
6.016805012908481132e+01
6.094707054018617498e+01
6.168086948764094757e+01
6.226185548520515312e+01
6.282713407590158283e+01
6.363423120798783827e+01
6.432047339083010229e+01
6.501720101565463494e+01
6.570520266319401514e+01
6.663678251009106646e+01
6.765571467834574548e+01
6.921203302130041379e+01
7.079020744781207952e+01
7.260272683243682934e+01
7.448737195253256971e+01
7.648431449838159324e+01
7.830823835084810014e+01
7.993320872499013774e+01
7.986092187844765533e+01
7.801591130768971993e+01
7.627237781652095805e+01
7.410400459801937245e+01
7.206026603450253276e+01
7.033271033461666377e+01
6.859444094307109197e+01
6.704378073378931902e+01
6.578718301670423330e+01
6.478211509704443927e+01
6.404222407432901321e+01
6.326800665914518618e+01
6.236333480655080308e+01
6.161131228987522235e+01
6.081250364610560410e+01
6.009710054568760995e+01
5.955944330590264002e+01
5.888720318288276445e+01
5.831238485805805283e+01
5.794213328389030693e+01
5.762392761518167816e+01
5.730109897499289673e+01
5.706620845824977550e+01
5.695186883871434702e+01
5.707881639586568667e+01
5.705065601058605296e+01
5.724019685327198204e+01
5.746211214267660239e+01
5.787885625676835843e+01
5.859297738490202079e+01
5.926820728981753206e+01
5.989474869818354819e+01
6.061810792500971701e+01
6.143515942603293922e+01
6.206968967305719076e+01
6.281539247027866679e+01
6.366408285417574575e+01
6.437251257450004971e+01
6.504875930906545989e+01
6.602679008092283652e+01
6.703693991419228837e+01
6.858582276026135105e+01
7.012028488700939022e+01
7.194391850779260267e+01
7.390687539896551073e+01
7.588219305017155136e+01
7.787083024259814579e+01
7.948383402728987335e+01
7.953326209441979699e+01
7.754641334057295410e+01
7.579823762367702500e+01
7.369869297393822194e+01
7.165168522130420570e+01
6.981114586062049909e+01
6.795918460423725094e+01
6.640678147237278495e+01
6.510376549460782769e+01
6.416663270312311340e+01
6.331902091698159296e+01
6.245475468618356274e+01
6.157144976938240433e+01
6.081090912491197287e+01
5.994147808277656964e+01
5.933297656651457430e+01
5.864907725633801050e+01
5.806333338669827526e+01
5.738789224430064451e+01
5.688175049825498775e+01
5.642405728843532131e+01
5.601055283372258486e+01
5.579612034883088967e+01
5.569793336275010631e+01
5.584617537003828858e+01
5.593077963951746057e+01
5.613211879447853647e+01
5.657162228980516971e+01
5.707706988016806093e+01
5.783562115330679632e+01
5.856646158980927197e+01
5.917408078573259189e+01
5.990494530099585546e+01
6.063806102138374143e+01
6.136560569705589785e+01
6.208273570280707787e+01
6.300929234680957336e+01
6.375104442641181635e+01
6.447884385930221640e+01
6.560529082898902686e+01
6.654313555198858410e+01
6.789991214900744865e+01
6.960617766794074157e+01
7.132763813900118066e+01
7.337580603669169932e+01
7.538111917352094338e+01
7.743866004622118737e+01
7.910444689533603935e+01
7.920367891246863223e+01
7.724428750218054063e+01
7.540851983182790264e+01
7.328956415019078463e+01
7.132751166636940354e+01
6.929697342432368146e+01
6.735148384949924605e+01
6.593740869485726819e+01
6.456653531189674311e+01
6.342980088582020670e+01
6.248388843167350615e+01
6.166334755776121312e+01
6.085352540319394166e+01
6.010967711591059981e+01
5.937598790147598748e+01
5.862668021343399261e+01
5.780820383767749604e+01
5.726950781734678486e+01
5.670803521453952811e+01
5.623315035584579391e+01
5.569309875930030529e+01
5.528641342556354488e+01
5.495065002043824620e+01
5.467790259427761868e+01
5.476148033998163811e+01
5.492988218292486380e+01
5.527396313675745887e+01
5.582042704589423465e+01
5.646072074857854517e+01
5.721423308620647674e+01
5.808452828787240918e+01
5.881135242603993873e+01
5.947589601095618406e+01
6.031270585184207533e+01
6.114378444521915412e+01
6.187653633700264066e+01
6.266952021999724565e+01
6.336190116997043731e+01
6.402877966431144330e+01
6.504434743282013187e+01
6.596931766140090758e+01
6.727637916441210564e+01
6.909238994129307798e+01
7.085416747473180976e+01
7.294672289908160678e+01
7.501246374850826726e+01
7.695064596476305496e+01
7.869213172686474422e+01
7.901459539202664928e+01
7.698636736836903083e+01
7.524227684356986856e+01
7.301480728653007191e+01
7.102394450450260877e+01
6.883270000162221436e+01
6.702015159746646589e+01
6.545151514765093737e+01
6.409290676981035517e+01
6.306427713970276727e+01
6.207834315601112962e+01
6.108559918480954565e+01
6.029117039970317649e+01
5.973315412294325455e+01
5.914953620685837876e+01
5.841213875418364410e+01
5.763470538324374104e+01
5.695717843191429353e+01
5.628778875460834286e+01
5.576625223678409071e+01
5.522369785764635708e+01
5.470557258795506783e+01
5.434431979298341275e+01
5.423410583293254206e+01
5.421791872310115679e+01
5.444326755905838411e+01
5.486462533571418021e+01
5.539485757486507111e+01
5.603887094438545802e+01
5.676503329955551180e+01
5.760563666179783127e+01
5.841600666197415137e+01
5.915265105246260902e+01
5.986551469378555623e+01
6.059108089273237852e+01
6.123431115172996186e+01
6.202575229430362924e+01
6.273462310963172683e+01
6.346076643934762274e+01
6.441497117233343772e+01
6.536802476881277357e+01
6.662028891599526048e+01
6.859323573273088925e+01
7.051788694647051159e+01
7.259789308314657319e+01
7.469621961567116841e+01
7.658900127093173182e+01
7.826327253572583231e+01
7.883934849286278279e+01
7.685493703023082901e+01
7.508374537701737950e+01
7.284840789034225850e+01
7.067922010941795463e+01
6.840259842323510497e+01
6.673624648849515495e+01
6.509337538014723634e+01
6.379636507409359325e+01
6.268172192234712981e+01
6.169195833989559219e+01
6.080232556764900664e+01
6.011575738063224605e+01
5.952100681890931355e+01
5.891594653022295347e+01
5.838398077090024429e+01
5.771522184696258506e+01
5.688201261510423734e+01
5.623335771854890908e+01
5.555066050266604094e+01
5.483641531999614216e+01
5.423523913962967669e+01
5.378988425568748966e+01
5.369730683420393547e+01
5.374289739541493560e+01
5.382275005461237782e+01
5.434191530019745642e+01
5.496357924758486746e+01
5.558615794683257860e+01
5.647715914544185978e+01
5.744961417396046954e+01
5.831530775185888871e+01
5.895247381902712647e+01
5.953119071824622921e+01
6.017947536272663456e+01
6.078500256224388920e+01
6.154598534721318259e+01
6.223430706231505383e+01
6.294226834008032512e+01
6.390891778274065871e+01
6.510294361860337631e+01
6.626748474821422974e+01
6.814663670040324916e+01
7.018509977808021461e+01
7.227010132402168097e+01
7.439292857976130335e+01
7.633567675061080138e+01
7.797315845244094135e+01
7.866394059077968848e+01
7.671588691278219585e+01
7.488056393149294365e+01
7.267187999715108049e+01
7.034013107916368313e+01
6.823806147881020934e+01
6.631685396840836688e+01
6.471084346641467278e+01
6.334261169367665900e+01
6.220195488316707610e+01
6.119888263796762118e+01
6.042696518586954824e+01
5.983429284948110194e+01
5.928306920911673217e+01
5.876296231836596462e+01
5.807305779175632665e+01
5.739206615257651123e+01
5.657984033666939183e+01
5.593607708167500192e+01
5.515558845709774261e+01
5.441734154674235668e+01
5.376493622980502352e+01
5.343573401478492713e+01
5.335569424062058630e+01
5.336309701266628736e+01
5.336920361494446752e+01
5.371095752769104337e+01
5.454080067235483398e+01
5.549354828803711825e+01
5.616811629375607851e+01
5.712631192543077674e+01
5.792160345588870030e+01
5.853251394492642845e+01
5.904395203502865286e+01
5.968874966445694241e+01
6.043215844815502891e+01
6.114576724433626254e+01
6.186119271629195282e+01
6.254592107075409757e+01
6.346229009192017401e+01
6.483836339774751423e+01
6.618531673576703156e+01
6.780380407797380826e+01
6.988524417954803880e+01
7.194161734202464231e+01
7.414525641619752605e+01
7.602348101251077139e+01
7.777188571066423606e+01
7.847232117084908509e+01
7.650972714953024933e+01
7.465243706255643019e+01
7.248079267289691074e+01
7.006115155381228021e+01
6.795245297086214009e+01
6.593157893987766727e+01
6.435483615986956352e+01
6.303372059566200392e+01
6.166201834027805972e+01
6.059914006885398408e+01
5.980199339236503420e+01
5.932870095080029671e+01
5.891939889844778833e+01
5.845395887289618742e+01
5.776619245378288525e+01
5.699460724812263379e+01
5.627130520561944849e+01
5.553840361485050181e+01
5.474885661987306662e+01
5.413755491664461061e+01
5.350382931386777585e+01
5.310702811263230672e+01
5.291128566571750724e+01
5.294247381885161019e+01
5.292418649492665850e+01
5.320340049378808800e+01
5.405379205395919939e+01
5.488891666821244542e+01
5.573703769499699945e+01
5.650863998658426368e+01
5.749894249032563209e+01
5.812137109552848102e+01
5.853414728395663502e+01
5.911073205051980750e+01
5.971960719768042480e+01
6.050176401776268875e+01
6.132606097736229600e+01
6.222283311635571579e+01
6.319887125000461481e+01
6.455563532305188801e+01
6.601965646298818058e+01
6.754068560172990487e+01
6.964653800363943503e+01
7.167221559107326811e+01
7.377778514069315463e+01
7.572844308551171366e+01
7.750272720991162601e+01
7.820845387249681835e+01
7.631797373077083080e+01
7.443534055410022177e+01
7.214824395038162663e+01
6.979749165734806127e+01
6.776833240084970100e+01
6.570291491540190520e+01
6.404039284990572867e+01
6.265114599838195630e+01
6.123104736854352126e+01
6.024422812793778803e+01
5.942302788854942719e+01
5.895185748986858698e+01
5.848632205111393034e+01
5.800962578546994308e+01
5.717001325684161372e+01
5.654398391021781833e+01
5.585194976723693117e+01
5.502859039767676563e+01
5.432356484148329656e+01
5.376481790673672378e+01
5.332597104693668655e+01
5.287248312988378274e+01
5.263163471174860319e+01
5.252586893477042196e+01
5.262993727462811222e+01
5.296718225348074327e+01
5.363442471571164560e+01
5.441809748267107238e+01
5.526549747969887250e+01
5.596276123631064081e+01
5.663183240575514077e+01
5.730930305448519135e+01
5.796507634571910472e+01
5.851825766668428486e+01
5.910004215412712369e+01
5.985307037218429826e+01
6.071899536840155776e+01
6.177582764438206908e+01
6.285109315042392097e+01
6.430482809287580892e+01
6.588118509527484434e+01
6.752491961000403364e+01
6.951368461460944559e+01
7.150646459990157666e+01
7.361025053293776921e+01
7.556809444693837463e+01
7.725930421634443235e+01
7.799430027271672827e+01
7.622428415031455984e+01
7.421428802755582410e+01
7.191889189933051796e+01
6.979449147961535971e+01
6.769263570488131165e+01
6.558664075354350587e+01
6.378066326667243402e+01
6.217681241864220709e+01
6.061174590661001105e+01
5.967112432975006442e+01
5.886972190755791701e+01
5.857743984529242454e+01
5.832788104336987800e+01
5.787503896307062945e+01
5.718196201077960694e+01
5.650879965721486542e+01
5.577355829670332099e+01
5.490609735251602785e+01
5.410678445228212752e+01
5.339343107391349008e+01
5.294431295612260158e+01
5.266789461290624530e+01
5.249381426794488448e+01
5.237475884882445598e+01
5.258109967833154030e+01
5.295707288406561730e+01
5.361965525584366077e+01
5.432847128969992667e+01
5.504531701707225011e+01
5.561778514808649732e+01
5.640724928642609370e+01
5.687731207729655125e+01
5.744452026919432797e+01
5.808621742299387591e+01
5.879450118424684746e+01
5.939356277576570875e+01
6.032275845620165455e+01
6.128992223347419355e+01
6.257863675970117612e+01
6.412452580200945818e+01
6.573169805070793359e+01
6.734566986006592515e+01
6.925408546428741374e+01
7.129822226062717050e+01
7.343757865091842518e+01
7.525681150654966700e+01
7.696565514962330212e+01
7.781039596721588225e+01
7.612821512983846617e+01
7.410995496827987949e+01
7.163447224318947804e+01
6.959003492702952087e+01
6.755819517639919525e+01
6.558031881101197769e+01
6.352816876789898970e+01
6.204245264577922114e+01
6.034909289060675519e+01
5.930030770735063328e+01
5.870352712680485041e+01
5.825323829792426977e+01
5.790692198512905264e+01
5.767106415113290296e+01
5.713567306054917339e+01
5.649723554986043439e+01
5.567508187053423541e+01
5.492486139956495350e+01
5.413704679273536868e+01
5.360955820005681005e+01
5.299605953734329233e+01
5.278282671319074382e+01
5.257928332750739742e+01
5.254383510480172959e+01
5.281548559392676623e+01
5.312239226360995303e+01
5.359825215817804178e+01
5.420418945195420690e+01
5.492085233652598220e+01
5.562788137251570930e+01
5.625628631931541435e+01
5.691477563966036257e+01
5.728646754227079896e+01
5.786680617690048223e+01
5.855721482044525317e+01
5.924201987947290604e+01
5.991194987383320836e+01
6.116772628710462101e+01
6.240568954037468785e+01
6.394158856062981755e+01
6.544819763011496150e+01
6.714309131009670750e+01
6.899166906694227919e+01
7.115602401844239466e+01
7.319609914893746350e+01
7.500126965953225522e+01
7.665345556040612962e+01
7.762159035573716892e+01
7.596008366877137519e+01
7.392889813946347033e+01
7.150341097733722506e+01
6.949116629807048184e+01
6.746349872114157620e+01
6.549202205211580008e+01
6.341065679462853666e+01
6.170324584494181153e+01
6.029079598560309705e+01
5.930044004866719121e+01
5.865393100848589114e+01
5.836419755391846564e+01
5.816235216152258403e+01
5.807406097733243655e+01
5.774772289648245760e+01
5.721136686412970818e+01
5.627858668521436414e+01
5.520336930693059685e+01
5.437451527577562160e+01
5.394830182919027806e+01
5.337878481318182367e+01
5.298089383457860890e+01
5.282474641179049968e+01
5.270815962364338958e+01
5.303024536152059198e+01
5.331983324122762014e+01
5.368272285372374597e+01
5.442373959615964907e+01
5.531185638857011355e+01
5.627728853942296894e+01
5.709260084855283424e+01
5.768481939762997257e+01
5.808051229848643260e+01
5.825113437971221231e+01
5.852453006102086874e+01
5.892545135131894796e+01
5.964223508222346481e+01
6.069323748888905357e+01
6.212522468923676655e+01
6.379492301445097979e+01
6.540610129836244369e+01
6.694413086611530161e+01
6.888720513946768165e+01
7.095636924774481713e+01
7.310325764459682318e+01
7.474273980532198891e+01
7.646492031215753116e+01
7.735742647354560120e+01
7.566691358732776962e+01
7.372848871638173307e+01
7.150002493453602881e+01
6.922047902846128409e+01
6.741789222467018305e+01
6.537687620524533827e+01
6.318476374185389233e+01
6.154838250581212833e+01
6.009985253049998022e+01
5.924634679465561504e+01
5.867750180378125435e+01
5.861972716546022610e+01
5.848840483471781226e+01
5.872935348494373642e+01
5.871435409171729702e+01
5.790825921597065928e+01
5.685605135416062694e+01
5.589891644153052397e+01
5.501706899644511850e+01
5.437942489564638038e+01
5.381554316345901157e+01
5.337033220837525249e+01
5.296616281609166776e+01
5.278537874760447579e+01
5.301108943586586264e+01
5.348781546757327732e+01
5.406332853963101570e+01
5.472464039308628259e+01
5.567269443810277352e+01
5.664966213759437608e+01
5.778688195722697429e+01
5.875399677823846645e+01
5.895078654539010898e+01
5.907646715088479539e+01
5.902539581671343427e+01
5.911573132027913857e+01
5.943260108144110632e+01
6.056846766319976894e+01
6.204818028717343736e+01
6.364783866070192175e+01
6.509389986832040620e+01
6.690767849280958046e+01
6.870107066556465725e+01
7.067244355909797093e+01
7.299154248852039473e+01
7.448360728604414760e+01
7.608446587137913752e+01
7.718750636369563267e+01
7.540945781349184074e+01
7.352596242163971851e+01
7.140315257728853737e+01
6.909125556198756613e+01
6.733178649309519415e+01
6.521806449040373366e+01
6.307625434066726910e+01
6.152704681856832991e+01
6.023924628958123151e+01
5.960513422427901276e+01
5.908384169327985802e+01
5.909441992289688272e+01
5.935020085056297745e+01
5.950650416939298282e+01
5.964133276376350068e+01
5.906600535954505204e+01
5.750624156306074752e+01
5.605063045139233679e+01
5.531989086328148630e+01
5.471857652237738279e+01
5.385896469478643667e+01
5.321985839202222479e+01
5.289423876020906334e+01
5.268396888142027734e+01
5.281584594376920450e+01
5.336632452545938321e+01
5.408222183259222504e+01
5.490838965616037370e+01
5.591103049200344799e+01
5.702884056552310454e+01
5.825749718439191582e+01
5.941075775713397888e+01
5.955554984998072143e+01
5.926280141571035642e+01
5.923365155894939704e+01
5.928861730750492853e+01
5.979522641324609822e+01
6.072185048497609472e+01
6.195590235822446346e+01
6.340549842695825333e+01
6.497261556648582825e+01
6.688633115427406040e+01
6.857860621432166681e+01
7.048373335576771126e+01
7.274038427081855218e+01
7.440605842795761760e+01
7.591787237627181639e+01
7.693575459021133156e+01
7.527594462357556893e+01
7.343245745900031807e+01
7.128085431364276303e+01
6.907407399675989268e+01
6.718967692376298828e+01
6.498501071024512044e+01
6.301655102356145477e+01
6.140845775597397704e+01
6.029136160825107282e+01
5.956020720158484494e+01
5.901232683064229434e+01
5.887378606693970085e+01
5.908376308385456355e+01
5.952314888667228843e+01
5.925911781855486993e+01
5.835067891799783268e+01
5.662023540761337159e+01
5.518008958939572750e+01
5.460207917963416691e+01
5.418506498364750001e+01
5.343104325607236404e+01
5.275603244984613127e+01
5.236698646264073176e+01
5.211889478382831697e+01
5.202870363251288666e+01
5.256961280888015864e+01
5.326822776899560807e+01
5.402713384802978425e+01
5.477241768557797030e+01
5.581795702018006011e+01
5.717721454163660155e+01
5.855607153282273458e+01
5.898389560613292559e+01
5.870131455737974591e+01
5.862592835795189927e+01
5.895515006057256358e+01
5.960236634529201893e+01
6.041633324200492439e+01
6.172313091281256447e+01
6.320437118190273651e+01
6.489622354348753674e+01
6.678079073614053129e+01
6.855918396624025490e+01
7.037838430750822738e+01
7.246679658411387948e+01
7.419526187476404289e+01
7.580464030740125736e+01
7.682546553316353766e+01
7.522021170051117167e+01
7.336298195697524704e+01
7.130278651313744831e+01
6.908791027208174285e+01
6.693357163124427700e+01
6.478259381870569200e+01
6.286767819758387077e+01
6.113932514613911451e+01
5.994294221135091760e+01
5.907667616795513510e+01
5.830902542779195841e+01
5.785314683265200841e+01
5.745158509727387752e+01
5.738630378723640035e+01
5.683124189281481620e+01
5.559774616374805589e+01
5.421791564294957766e+01
5.337302157000886638e+01
5.305152751609599449e+01
5.305762709059781201e+01
5.238804924235223837e+01
5.161980941802415401e+01
5.153745556333011280e+01
5.131696530138174950e+01
5.124955359271444877e+01
5.158724723142456270e+01
5.223742650471176319e+01
5.272910820704971968e+01
5.294475089331414353e+01
5.368875009981517366e+01
5.479856880307646350e+01
5.597655027563688890e+01
5.661756472274406349e+01
5.667794202345812948e+01
5.707617003622480922e+01
5.786760656242711320e+01
5.888245764024776463e+01
6.005210638544416923e+01
6.124483312247451039e+01
6.280640091778372636e+01
6.450793692488879572e+01
6.645095837057482413e+01
6.835914757236218975e+01
7.018073964442054091e+01
7.222074101290191095e+01
7.397508114370356225e+01
7.568304979115137598e+01
7.666794787408416312e+01
7.510821688399589391e+01
7.338616417329662056e+01
7.131127536709801973e+01
6.902834781101539363e+01
6.674861156095929005e+01
6.455419942539418798e+01
6.246900072472107013e+01
6.069937574791154589e+01
5.920083963129398086e+01
5.796602877970448020e+01
5.713585618056584536e+01
5.617373196240217936e+01
5.517204432022083438e+01
5.461469159060671785e+01
5.377715790183524547e+01
5.282152523197787986e+01
5.184341803630760381e+01
5.170397031328951698e+01
5.156191528816982839e+01
5.159147188524713812e+01
5.123570149621291847e+01
5.052874779782042935e+01
5.031999489490630140e+01
5.017536155915669838e+01
5.029664391099497323e+01
5.056604924298966353e+01
5.110458399345656488e+01
5.131980012601968610e+01
5.151247575234489773e+01
5.179535499557157863e+01
5.246443471231508227e+01
5.337659527153142847e+01
5.410374988864933243e+01
5.464481326166145436e+01
5.538949746659439910e+01
5.659032807754380912e+01
5.790985980630353680e+01
5.926520785236454714e+01
6.050416628274881248e+01
6.222871984744685392e+01
6.425229005864353837e+01
6.617904657835812543e+01
6.817111680514496186e+01
7.006585147364519628e+01
7.215818992482631700e+01
7.377765489619703487e+01
7.556564626338999346e+01
7.665361757527081465e+01
7.504461308828545896e+01
7.337847800185662095e+01
7.125842721246765166e+01
6.903430804692308698e+01
6.673857655664113508e+01
6.418906840828083205e+01
6.208455812470696600e+01
6.002652820993800731e+01
5.825787931021231003e+01
5.676280368997594650e+01
5.551441216637476117e+01
5.427461112880097005e+01
5.322063369678344458e+01
5.230203204036475029e+01
5.149104838135318829e+01
5.104871276778489886e+01
5.076173874489433047e+01
5.047704486685570657e+01
5.049043900125621320e+01
5.053095094059410997e+01
5.018964956731205262e+01
4.961454273912558932e+01
4.945873234243558159e+01
4.940869948348476726e+01
4.936816575269447327e+01
4.986398900571877846e+01
5.048442717560259041e+01
5.056227527540696798e+01
5.068471064861488884e+01
5.080643995607347563e+01
5.109674301091276050e+01
5.168709977598058458e+01
5.234186360553327688e+01
5.316803328335107182e+01
5.417310367047825537e+01
5.547762336934511040e+01
5.686245874427173419e+01
5.829491297933142135e+01
5.984236858167007966e+01
6.184869114477025676e+01
6.387690023315838062e+01
6.589195832235012062e+01
6.799389222298117375e+01
6.995575731069892811e+01
7.204705660680861001e+01
7.384685235362455558e+01
7.569334533415556621e+01
7.659138537386256473e+01
7.508579933151315799e+01
7.337357635253381716e+01
7.125742516105273694e+01
6.906594373059002123e+01
6.668929618776208201e+01
6.401720379482515000e+01
6.179522719608485914e+01
5.938815912195574498e+01
5.741076886002715440e+01
5.561910518167690753e+01
5.416605106824798810e+01
5.297509184741225852e+01
5.186716509910062456e+01
5.102143056135647470e+01
5.046130823116980935e+01
5.017768653124723244e+01
4.994679477650547739e+01
4.989974928104849994e+01
5.007339105342037300e+01
5.011459999369941443e+01
4.968637591485138216e+01
4.898381919578996246e+01
4.885507238070420755e+01
4.882218850200942484e+01
4.892939151355892591e+01
4.930451796264436126e+01
4.994104991287811401e+01
5.020137831151048147e+01
5.013372386331181474e+01
5.027820189604356216e+01
5.058878166482314498e+01
5.097910866285472054e+01
5.150489130674281313e+01
5.224913899400267070e+01
5.307978735499732892e+01
5.447016516922514029e+01
5.583718938905055751e+01
5.749148702785924314e+01
5.931629260567435580e+01
6.140806964379481059e+01
6.363891560674904468e+01
6.574590459668820586e+01
6.793893175205718649e+01
7.004661141551218861e+01
7.202182108257153459e+01
7.386605997865891027e+01
7.568226849679652446e+01
7.673881905487102983e+01
7.519924555319039428e+01
7.342953497437297017e+01
7.137266170067191240e+01
6.922164062038930865e+01
6.673025616457280762e+01
6.410076262014996473e+01
6.158705795239303882e+01
5.902362543285579477e+01
5.666028037671787132e+01
5.476171850430010579e+01
5.323108243152675101e+01
5.202578217223385337e+01
5.110574711440355600e+01
5.042583514403438727e+01
5.015841882416584241e+01
4.974701701265959741e+01
4.981258505350596266e+01
4.982176460061399581e+01
5.004115101929333775e+01
4.997024480509902133e+01
4.936197946956199445e+01
4.876457691391663474e+01
4.849120932725463717e+01
4.845755328692464303e+01
4.861364211358100818e+01
4.903268323969398068e+01
4.950484768478911235e+01
4.985982249346155015e+01
4.995272628297760775e+01
5.001954562893180167e+01
5.028610367807534942e+01
5.059635776745058422e+01
5.106401989556135845e+01
5.162997530943541591e+01
5.247398312357682215e+01
5.373720931262140255e+01
5.512821066961035399e+01
5.689654638623532890e+01
5.887921646247823304e+01
6.098513723129976682e+01
6.334747121361019140e+01
6.564506556483615896e+01
6.790935059930247064e+01
7.003749425980400645e+01
7.214449357947890462e+01
7.387302217106275748e+01
7.561751770713117082e+01
7.692519472750269927e+01
7.533410597578158274e+01
7.356111391618709661e+01
7.147259019747394859e+01
6.939379559265991304e+01
6.687132708676233506e+01
6.415759524904926536e+01
6.159234089852725447e+01
5.870780754003083501e+01
5.631137851032950437e+01
5.431770995977022665e+01
5.281461484962160569e+01
5.153180425391732911e+01
5.071902456113902957e+01
5.015850512029388852e+01
4.990079610604379923e+01
4.985559663078999648e+01
4.978418833749755379e+01
4.989267013471729229e+01
4.998409125187568947e+01
4.986660327358354294e+01
4.944832675246762221e+01
4.885480622640528026e+01
4.856616567209631796e+01
4.857149737232792575e+01
4.861569452563414728e+01
4.903219866188080545e+01
4.951628976048966280e+01
4.978773840649223814e+01
4.990990969197582672e+01
4.998005617980305715e+01
5.014786386249164707e+01
5.039999661922413310e+01
5.076681806393096252e+01
5.124759834163628369e+01
5.209047231586127680e+01
5.331240860035409668e+01
5.464754591291114139e+01
5.643354948396375192e+01
5.865234064655051327e+01
6.087626425235336569e+01
6.307158622264030612e+01
6.550594911963297307e+01
6.791181444967983794e+01
7.000164569518925362e+01
7.223638397670092104e+01
7.406596742022959745e+01
7.572929575941381586e+01
7.698839849378862255e+01
7.543518091095296541e+01
7.375127345974027548e+01
7.161092822213278453e+01
6.950332637256309454e+01
6.712109203488864750e+01
6.437904926062701350e+01
6.169636694696108492e+01
5.875464499859521084e+01
5.626502298166914073e+01
5.415609534798555558e+01
5.268224346593585494e+01
5.149304321490898673e+01
5.069829019699874095e+01
5.022397444931011279e+01
5.012561862071778052e+01
5.015015322610987170e+01
5.024871302227568748e+01
5.026675329378533519e+01
5.034480437205263570e+01
5.010434813762053352e+01
4.994122855587499288e+01
4.970973284813823767e+01
4.937912020520558798e+01
4.907372159033800330e+01
4.907350195112537250e+01
4.938667932892182932e+01
4.997961552315962308e+01
5.016775577534354369e+01
5.034503336259052020e+01
5.040393166927005097e+01
5.050137472115181936e+01
5.057841006179260290e+01
5.076031674609414779e+01
5.113296320792107252e+01
5.199097451068774234e+01
5.314855678850942411e+01
5.450014529040668521e+01
5.631623025972912444e+01
5.864677034253328003e+01
6.084604878422003793e+01
6.306114000710266509e+01
6.562622892685433840e+01
6.809693122363832174e+01
7.022521450711967361e+01
7.241451760518913261e+01
7.430613026685051636e+01
7.593771021003804833e+01
7.713518272517592322e+01
7.570987838347546983e+01
7.405947946822341521e+01
7.199244386894781655e+01
6.983755076734446732e+01
6.751662944499429386e+01
6.463943595157061850e+01
6.192695153309000489e+01
5.906618927742796643e+01
5.633803144561494491e+01
5.417596268367358903e+01
5.265979299339069541e+01
5.160062574597217377e+01
5.090487424077831236e+01
5.060764260672585380e+01
5.056957387256566960e+01
5.074904703464896016e+01
5.085701329007348193e+01
5.081090423835227909e+01
5.103843133813450805e+01
5.089137941711951640e+01
5.055598458318043953e+01
5.033415728565685043e+01
5.011657344219651122e+01
4.995336120118282963e+01
4.979038996626898950e+01
5.008990157961691381e+01
5.040403397758578308e+01
5.057770344332880796e+01
5.061765441921987474e+01
5.087232589929158877e+01
5.088541255431622545e+01
5.103977356528971399e+01
5.099284796455430069e+01
5.126389087490571939e+01
5.203345554241093396e+01
5.311255929036008894e+01
5.450349856750383282e+01
5.635684241316633347e+01
5.859989291576644632e+01
6.081484894962275689e+01
6.320289129048920529e+01
6.593926335631559255e+01
6.831657983676616652e+01
7.038691820792561771e+01
7.259416793386300526e+01
7.451532004080262084e+01
7.606924290535526723e+01
7.731809033220052640e+01
7.589357185477355472e+01
7.435999786235798581e+01
7.240714581534845706e+01
7.019788466724334342e+01
6.790124349472301901e+01
6.507898351361923517e+01
6.237675446237866339e+01
5.934385722086257431e+01
5.660664921775502023e+01
5.432504602918938730e+01
5.276527700382160191e+01
5.181038798829484904e+01
5.131888776939300101e+01
5.102223522187421167e+01
5.085457835203328614e+01
5.114150676071285773e+01
5.137869224630643572e+01
5.151557112824172435e+01
5.160322141966997833e+01
5.158493699613801908e+01
5.177129723497653657e+01
5.138874694959060463e+01
5.099930232060130209e+01
5.089179155188692505e+01
5.107855745647431434e+01
5.136566255065591236e+01
5.139208030098971847e+01
5.129804214520693506e+01
5.097101161783649559e+01
5.138065437542501002e+01
5.138707926065421105e+01
5.125713955786521581e+01
5.128680134465435714e+01
5.156564685537621529e+01
5.220920735664515888e+01
5.317159657137026585e+01
5.458559372111452035e+01
5.628690412339989990e+01
5.874697096185762746e+01
6.112042998693804208e+01
6.352544297485067659e+01
6.628621615623671914e+01
6.851157043509329014e+01
7.069150157659990441e+01
7.292561648202818958e+01
7.476354543147682818e+01
7.625479981280993513e+01
7.763124359128509866e+01
7.628120548303060389e+01
7.466167741296895599e+01
7.274727761531389092e+01
7.068997294771264706e+01
6.839517657357586700e+01
6.554302651829954129e+01
6.281516207357132942e+01
5.972645910655958090e+01
5.692262141680069476e+01
5.461359837109672810e+01
5.306265088332091295e+01
5.209374812484039552e+01
5.146541279488516096e+01
5.125112566204905562e+01
5.121983807569489500e+01
5.140654118363692504e+01
5.170103728706314428e+01
5.205274409848082939e+01
5.230313048025123379e+01
5.283104851460787188e+01
5.315683919832517290e+01
5.289456241807651082e+01
5.243853292365857044e+01
5.224723351481151212e+01
5.257909917869884708e+01
5.263870378915646597e+01
5.258019719362708599e+01
5.206208633573154998e+01
5.178490527950101807e+01
5.190070764702657868e+01
5.174426233910227069e+01
5.143849393556283900e+01
5.148025925010155390e+01
5.171318462721603737e+01
5.226434872165096834e+01
5.330525277423709696e+01
5.473559585977144337e+01
5.660893524186784020e+01
5.907424969385994018e+01
6.145831094569932418e+01
6.408123047121114269e+01
6.683301256523738232e+01
6.891583773970563698e+01
7.118159122931797356e+01
7.329785467526656362e+01
7.505389396678558001e+01
7.653650232247615293e+01
7.801620146888475915e+01
7.664370372873493409e+01
7.512093733331472833e+01
7.333411219991218388e+01
7.128836973772384056e+01
6.900975992338534581e+01
6.604846723647021633e+01
6.330130882304018769e+01
6.031757384398653699e+01
5.745861806891200274e+01
5.514988689835282543e+01
5.345940124872968369e+01
5.245961377923993751e+01
5.180729388049023498e+01
5.155232937172900876e+01
5.172589948621412503e+01
5.190250232830862842e+01
5.235427917718670443e+01
5.282928226594180643e+01
5.310096619757774050e+01
5.379526157051978430e+01
5.410346253775934855e+01
5.359054790984084349e+01
5.295760337422353814e+01
5.308191584894743897e+01
5.341674756292486137e+01
5.361428422805072103e+01
5.359988391681356035e+01
5.300507182296633601e+01
5.262822778235646126e+01
5.227725053219282358e+01
5.202265458266454345e+01
5.177171861786565898e+01
5.167691008855805279e+01
5.178191281966931570e+01
5.245735168086144284e+01
5.364208348703431994e+01
5.501475801074207084e+01
5.694799394533255565e+01
5.931502577670481458e+01
6.184342924822065868e+01
6.460008266658638831e+01
6.733413055202117903e+01
6.945833085810437524e+01
7.168354785850043243e+01
7.368287397138840333e+01
7.525078042017412372e+01
7.675169746374324120e+01
7.841882324574197582e+01
7.696688060185017832e+01
7.558840895517002423e+01
7.380516582164764827e+01
7.179956363142787268e+01
6.950167406895744193e+01
6.684565066760929142e+01
6.404790588473727553e+01
6.104580621396540607e+01
5.816722707255704705e+01
5.586100738770147700e+01
5.409930008673153168e+01
5.293401344604226466e+01
5.223117219408840839e+01
5.198701958105595367e+01
5.210748726684890642e+01
5.231507914868978304e+01
5.302530323611898666e+01
5.350771847052057950e+01
5.374348285671756287e+01
5.413432881602063418e+01
5.444785119653246852e+01
5.403599268120784416e+01
5.345417345862842495e+01
5.350770053284089300e+01
5.383944254194118884e+01
5.408531569023415386e+01
5.404083461670286681e+01
5.368178588899383641e+01
5.323913384822451889e+01
5.270772388096610683e+01
5.237610894634014613e+01
5.208463999827006319e+01
5.193847041014190324e+01
5.214429271814457678e+01
5.272592009663920010e+01
5.398831083128257546e+01
5.543016500363075494e+01
5.746712502162865377e+01
5.974060060572689679e+01
6.231033348364717028e+01
6.517276413489577180e+01
6.776634290784670611e+01
7.002695153182061460e+01
7.217240268324037800e+01
7.399483290994507456e+01
7.560959811877056325e+01
7.696491474483984518e+01
7.862989955787185181e+01
7.736773735609153846e+01
7.599827843969458741e+01
7.423526888843987592e+01
7.236977910303511408e+01
7.021347147751953344e+01
6.760725323755517024e+01
6.485766742973245869e+01
6.172979230910178927e+01
5.893601731789708253e+01
5.662536067935141659e+01
5.473475416656950898e+01
5.348846882926949320e+01
5.288650886120727534e+01
5.250467852066696395e+01
5.252994666266126700e+01
5.282875704147478046e+01
5.329581826460763239e+01
5.394996129181502198e+01
5.426452237975836823e+01
5.450808540427740212e+01
5.463246531771965664e+01
5.428590229632590791e+01
5.384794022888767984e+01
5.372328016218379076e+01
5.386879236144049798e+01
5.417442652869706166e+01
5.428332550315107596e+01
5.402175890622654464e+01
5.377851843888493022e+01
5.315919689504724488e+01
5.265570487201832606e+01
5.246155381338810741e+01
5.248067732663363216e+01
5.268309952607216928e+01
5.342376105962059540e+01
5.460685366412156583e+01
5.614165250386092509e+01
5.808463265377835683e+01
6.038770510170653694e+01
6.304239246845767042e+01
6.580762717895544256e+01
6.827736469642370309e+01
7.061861836835778661e+01
7.266697011133329909e+01
7.427186042078037076e+01
7.588869317179785412e+01
7.741239902278570639e+01
7.883810787311149681e+01
7.767917747946697204e+01
7.660952217465617764e+01
7.484090065449235851e+01
7.297616051818408778e+01
7.090172617748245898e+01
6.839052664491315170e+01
6.572763470213261883e+01
6.265920228051328422e+01
5.983022689358840296e+01
5.745292897920553798e+01
5.558632225831922824e+01
5.419032663894309820e+01
5.364917914381275921e+01
5.319405825859225700e+01
5.310499474417979116e+01
5.338132086874236393e+01
5.379336633849209903e+01
5.423899408914083153e+01
5.448579638096041577e+01
5.487320989271307070e+01
5.505224232074273516e+01
5.463930238205369250e+01
5.400475367214756517e+01
5.396698787496603700e+01
5.420299240504319016e+01
5.430514288508350518e+01
5.446714033488886741e+01
5.431918483403361364e+01
5.409308875811198902e+01
5.372683820160114720e+01
5.319745570315771488e+01
5.289342969004768946e+01
5.300118670106540719e+01
5.328798618250553432e+01
5.404496706547900686e+01
5.521470259950744008e+01
5.679080844677151418e+01
5.872598358003755692e+01
6.112516788777523402e+01
6.365477380717261724e+01
6.641740494776180981e+01
6.892896893674515013e+01
7.116078864659544934e+01
7.326349511712074047e+01
7.472245460438549003e+01
7.628422272496266032e+01
7.770742366036326132e+01
7.901507916881551807e+01
7.793870634651567286e+01
7.685693811041633694e+01
7.538169095223209126e+01
7.360508613885727414e+01
7.165203736786298805e+01
6.918916592583792635e+01
6.655220680329247784e+01
6.356609580490687961e+01
6.075310384207116243e+01
5.832447054042826551e+01
5.634197198311112942e+01
5.493706786855013036e+01
5.437598602016883120e+01
5.392939531564485378e+01
5.386182835665075430e+01
5.407801500632875502e+01
5.440127928295304827e+01
5.471514048565911992e+01
5.493784027905361711e+01
5.505817496401109423e+01
5.507911986503621193e+01
5.492784528343062078e+01
5.469687560726492848e+01
5.448227048571187936e+01
5.438880388140849931e+01
5.447670851390697777e+01
5.458224207955661456e+01
5.450612701643285618e+01
5.439759611986054466e+01
5.424517889411156801e+01
5.398487040191488973e+01
5.353493719604976775e+01
5.363958715262958066e+01
5.386463202418906349e+01
5.458609394008472293e+01
5.572574359112794440e+01
5.743259748771205153e+01
5.946030497417859095e+01
6.190869844524574717e+01
6.440347848159461819e+01
6.718679324291463217e+01
6.965854781458041600e+01
7.178733044240868821e+01
7.377129192429475779e+01
7.524659128122323182e+01
7.662319160885971314e+01
7.797375203210778238e+01
7.918170225026467790e+01
7.823363535648955747e+01
7.710756314872902806e+01
7.584309598296511012e+01
7.409572780370166356e+01
7.223078416158939774e+01
6.989890250374565994e+01
6.740390556312463843e+01
6.470430109340206570e+01
6.185214665223183061e+01
5.930087830816580663e+01
5.719290270105955898e+01
5.577460702885638710e+01
5.492765560547636028e+01
5.460474856640527008e+01
5.456513277520107863e+01
5.473081309732565813e+01
5.507338506308845183e+01
5.531175462715517455e+01
5.555032087355243675e+01
5.550605961076145434e+01
5.534926499074201445e+01
5.521744538322764129e+01
5.509502508541541488e+01
5.503250268262793554e+01
5.501242601489763473e+01
5.505604298937134899e+01
5.491637496333198953e+01
5.502638130122274873e+01
5.493397135932512043e+01
5.495671956755513321e+01
5.465315662851726586e+01
5.430158813498985637e+01
5.415660257433938796e+01
5.433989222649481832e+01
5.516144167175315260e+01
5.639889700058095912e+01
5.822090850364260461e+01
6.034756664846054974e+01
6.285556240692978491e+01
6.537200492386888584e+01
6.798386391422450004e+01
7.033982206204851195e+01
7.241890161955845429e+01
7.422213815005785875e+01
7.565621548587238010e+01
7.699402888869974504e+01
7.820993648283818800e+01
7.941787772581214710e+01
7.847701510200226949e+01
7.744274320949637058e+01
7.610528978352520824e+01
7.456268700628289992e+01
7.283341998945174112e+01
7.072442113082296089e+01
6.823552314618420667e+01
6.560956187503762749e+01
6.299012919220833595e+01
6.028969583438696134e+01
5.808438816341497812e+01
5.652611888302180176e+01
5.550171266908049006e+01
5.495058373558766363e+01
5.498150203581062101e+01
5.517264140220462565e+01
5.553421583427479646e+01
5.576038573353363859e+01
5.591530171419233142e+01
5.614980593717942980e+01
5.607389166778728651e+01
5.600830911009177271e+01
5.589444068972994728e+01
5.597962661580289989e+01
5.600704648519552364e+01
5.569165608006207435e+01
5.571775510656512154e+01
5.570837954561446992e+01
5.568445582151167628e+01
5.535044148102688411e+01
5.499235927990294925e+01
5.460703155786271168e+01
5.461511109456254331e+01
5.486155407793256700e+01
5.578070674115052441e+01
5.729339560529844988e+01
5.916718031754917462e+01
6.141471078238215142e+01
6.373234294759035379e+01
6.622196116632885321e+01
6.873124194315212776e+01
7.098534490849138479e+01
7.302121844104394199e+01
7.472550788961973467e+01
7.594293287542150495e+01
7.722109908085754171e+01
7.838807482511531077e+01
7.954370151407545109e+01
7.871161969807980086e+01
7.778860910349628455e+01
7.631063824309612187e+01
7.508862617131677553e+01
7.353839186578308329e+01
7.136614900295859343e+01
6.909930522668095421e+01
6.664873944816412177e+01
6.415805467187288968e+01
6.147767130483188680e+01
5.913612244990857647e+01
5.751369535459875948e+01
5.624868631630320692e+01
5.545749790019129932e+01
5.504963695124412482e+01
5.534477380361545329e+01
5.577662493564185553e+01
5.586990221358303899e+01
5.600443935769728654e+01
5.630033509521338431e+01
5.650164276111458861e+01
5.667244027706944109e+01
5.657527953595083403e+01
5.652834376134772043e+01
5.658562633095353078e+01
5.646089746420202005e+01
5.630788064897430445e+01
5.600298888706484490e+01
5.575094934596645402e+01
5.549553519969943238e+01
5.502693614477249895e+01
5.474904890923056655e+01
5.492222476456621649e+01
5.541811095421748234e+01
5.662378066769836948e+01
5.828674866024999801e+01
6.015618538902047163e+01
6.232090664156029192e+01
6.477484065294804338e+01
6.702950769869883629e+01
6.940390366434390046e+01
7.158832088925234416e+01
7.345358267190360380e+01
7.500897368380829278e+01
7.626479115600508862e+01
7.752936497398786742e+01
7.848270696379185551e+01
7.964520904055594031e+01
7.881182194368942362e+01
7.790941575415548925e+01
7.671193196444362172e+01
7.547356009179300429e+01
7.409860149686822695e+01
7.205479133990074558e+01
7.005431567977169038e+01
6.765127024749209284e+01
6.526498626842401052e+01
6.283621255115270543e+01
6.038630957525899845e+01
5.852122911870700506e+01
5.728186838844330708e+01
5.615993605694090007e+01
5.550723451256305907e+01
5.523426850873294569e+01
5.545391170079389553e+01
5.561065029163599149e+01
5.577229602878019676e+01
5.609219244507713142e+01
5.625097467293124254e+01
5.644363203541836072e+01
5.635933276139173387e+01
5.604836729701868592e+01
5.610496712287019250e+01
5.613189920209011774e+01
5.592359974289291813e+01
5.561594239281431840e+01
5.538052863802124648e+01
5.533904167380642036e+01
5.511107121167822953e+01
5.510280695951359320e+01
5.555661264919098841e+01
5.614170188339777212e+01
5.749636581720830009e+01
5.911763288745684974e+01
6.115392439498608468e+01
6.331936919133404729e+01
6.575419774166253717e+01
6.786395297815022332e+01
7.001788578817385655e+01
7.205033078561110926e+01
7.386400694679248602e+01
7.531022859800121694e+01
7.655924885623750242e+01
7.768316492009245167e+01
7.857123067009530359e+01
7.968236364470155308e+01
7.884533102743550614e+01
7.810247301358650418e+01
7.711574846584348109e+01
7.583351122868306504e+01
7.451590963978711102e+01
7.276566662481201320e+01
7.092041373551607819e+01
6.869068737768135691e+01
6.641754192703962190e+01
6.398455338099975620e+01
6.162331418087429569e+01
5.961126193436327725e+01
5.814956579877711818e+01
5.684391050097276121e+01
5.589834000176581696e+01
5.531227207903373255e+01
5.539157225431017650e+01
5.530134485792437005e+01
5.547921876037177924e+01
5.580656163792281177e+01
5.581040160938006522e+01
5.586127690217579556e+01
5.560965001824405363e+01
5.527368431811851224e+01
5.528550112818822271e+01
5.528526018039297441e+01
5.543374300181248771e+01
5.527918945867754985e+01
5.510593246135418610e+01
5.524600011456936954e+01
5.536534455965230705e+01
5.565498763705841156e+01
5.615712679982717503e+01
5.705703596498291574e+01
5.837110515809968803e+01
6.017735787824683769e+01
6.208165102040423733e+01
6.429467435580511392e+01
6.646296428794559574e+01
6.874705047684905423e+01
7.074621960234462392e+01
7.261719976316226166e+01
7.422455653255011043e+01
7.560884172722764163e+01
7.670947811436965935e+01
7.786446677216277124e+01
7.865214443909273712e+01
7.962775313531011534e+01
7.886107344741557768e+01
7.830349401670957832e+01
7.741090133152448516e+01
7.619171119919633384e+01
7.490805520715034049e+01
7.339715614306297198e+01
7.159651176859139809e+01
6.966001688071732190e+01
6.734525901603178966e+01
6.509214485466596045e+01
6.278067970110741669e+01
6.090536256732183062e+01
5.909542396255924501e+01
5.758958419741464496e+01
5.642693134199245009e+01
5.565595465120721030e+01
5.530339278290031757e+01
5.511355084780127811e+01
5.510725638003088278e+01
5.506191243168874649e+01
5.509241174992919809e+01
5.500336639201233879e+01
5.486811117500897694e+01
5.482169924825340956e+01
5.482117366822540561e+01
5.475323934003758808e+01
5.484886335568069882e+01
5.494966510159619588e+01
5.494704465570595175e+01
5.532798508091762812e+01
5.566168844722923126e+01
5.623028185023893855e+01
5.696835370463197279e+01
5.787626694728935206e+01
5.942424617831908051e+01
6.117697629855284447e+01
6.313930755658751082e+01
6.524452731365776970e+01
6.731770343901780507e+01
6.964848407053516155e+01
7.142331911546882850e+01
7.308673268931566724e+01
7.452615114674190977e+01
7.582352631993677505e+01
7.686845440398307971e+01
7.797720776612587201e+01
7.864044951232348524e+01
7.960138200065875935e+01
7.896509310273957283e+01
7.844337134764916186e+01
7.760439330694292437e+01
7.639969982297925810e+01
7.514847327501492202e+01
7.368626817981873955e+01
7.215543257824697321e+01
7.017385985623110400e+01
6.813028383543537814e+01
6.607791542850972633e+01
6.396187580354258984e+01
6.203325778427451098e+01
6.023112276907574625e+01
5.862372666561326895e+01
5.727347395451574386e+01
5.611394919711830909e+01
5.540872858789888511e+01
5.519632708060811410e+01
5.492688592024747152e+01
5.490447100518507284e+01
5.473986913144890565e+01
5.454560474299379536e+01
5.438429022578699090e+01
5.424854541571301780e+01
5.430611847553279148e+01
5.437931150431820981e+01
5.439239029590917340e+01
5.463897450112568777e+01
5.477080653701057145e+01
5.533835997102666937e+01
5.597491935802802487e+01
5.677904897095766756e+01
5.772239954578707000e+01
5.889344106626619890e+01
6.038268779780206330e+01
6.220565645162146495e+01
6.423777326747230632e+01
6.610540458448345191e+01
6.809376020341198910e+01
7.011202472365486926e+01
7.178274259691190196e+01
7.328476969342976588e+01
7.474770162316370659e+01
7.599950376680281749e+01
7.699800078564641126e+01
7.796695430272471583e+01
7.871825866368186553e+01
7.966954097221534425e+01
7.903649324670512044e+01
7.840086736209048013e+01
7.753527652305550077e+01
7.656756081310173556e+01
7.528773196948907298e+01
7.391354835746666652e+01
7.263990258638172293e+01
7.081977400125141742e+01
6.891447184435570250e+01
6.693466072100196129e+01
6.505480843427312720e+01
6.317920360926903811e+01
6.139068918711194556e+01
5.960100834712213924e+01
5.822599982015565701e+01
5.698362991211334361e+01
5.605606472538155316e+01
5.556371711516179346e+01
5.514959587935660323e+01
5.492649837330338158e+01
5.463775369298549833e+01
5.454681636057320304e+01
5.439064674300297497e+01
5.427738194369645441e+01
5.431552197211594546e+01
5.432560700206133930e+01
5.433188747626049064e+01
5.467668487249486020e+01
5.507175135391448606e+01
5.569479418846016472e+01
5.647908656814777117e+01
5.745766074948961233e+01
5.860847847208966499e+01
5.988776260818629993e+01
6.146901204673793018e+01
6.328240409704903158e+01
6.509155438060469123e+01
6.692370756940496790e+01
6.879553687848986954e+01
7.060094006413729062e+01
7.219438954430374622e+01
7.356861271365390564e+01
7.499213653411590030e+01
7.614331401407534372e+01
7.718171461628833185e+01
7.796603313196069962e+01
7.866724789837613230e+01
7.970130806044758742e+01
7.907538820650157163e+01
7.838782714667920004e+01
7.746097223150538014e+01
7.664519446366480793e+01
7.551356830557755018e+01
7.432583255143694601e+01
7.299098929441372263e+01
7.136683710067194397e+01
6.946188807662679210e+01
6.776526063899453334e+01
6.590345001951784809e+01
6.425956561652549226e+01
6.250811675639030796e+01
6.076587083279125778e+01
5.924154212936232256e+01
5.802898620322901024e+01
5.680836144147381361e+01
5.610721686660009055e+01
5.547617852800887306e+01
5.520827170903447012e+01
5.495496030938074483e+01
5.478425651726971779e+01
5.468759542275816443e+01
5.458895335575381580e+01
5.458012041945537618e+01
5.457814642679536377e+01
5.465906631273144711e+01
5.515512901700315496e+01
5.585296137981357134e+01
5.636754820060345139e+01
5.733785908815961108e+01
5.839227461321038248e+01
5.966938308281293502e+01
6.096713254246667901e+01
6.259323914767072239e+01
6.432873149948403579e+01
6.594846468828946229e+01
6.770941012031244099e+01
6.946730383576719703e+01
7.112800982951884521e+01
7.258000659340642358e+01
7.380269189547797737e+01
7.511133963434568273e+01
7.627660650088495231e+01
7.729791160626709257e+01
7.794303882559277952e+01
7.854493588066148391e+01
7.957391396162255148e+01
7.905344818377896843e+01
7.844464125252613940e+01
7.754269936715142819e+01
7.666415740333280837e+01
7.565056469979705867e+01
7.455735696662232215e+01
7.330739547155346258e+01
7.182318582222940506e+01
7.012622099381654550e+01
6.852972363048719728e+01
6.692018449130924296e+01
6.516685278942048853e+01
6.351616202672817479e+01
6.190506207772894953e+01
6.056481724515499110e+01
5.915162216345296287e+01
5.780474949343362567e+01
5.690198494769845894e+01
5.630055746720748999e+01
5.573678360621493511e+01
5.548268109160705563e+01
5.528043014524052978e+01
5.531085994281617246e+01
5.522579468354917509e+01
5.522044125047754903e+01
5.527682879640349256e+01
5.559104627379924324e+01
5.598798304495026201e+01
5.661073635798959458e+01
5.720983406461393628e+01
5.832235766852921444e+01
5.941546381920466757e+01
6.069680873021468415e+01
6.200454896071348543e+01
6.349361679247301993e+01
6.517509655847770489e+01
6.672044664031903949e+01
6.843234536964051529e+01
7.004473526317156029e+01
7.152573898186659562e+01
7.299784626982987845e+01
7.408316141717222081e+01
7.521739906389619534e+01
7.631076364414562363e+01
7.722515102158247657e+01
7.792863408030173389e+01
7.866556236118121603e+01
7.948402020807971269e+01
7.901374581202884428e+01
7.847742475080330848e+01
7.772316767631484424e+01
7.674661337365409963e+01
7.575909660761472253e+01
7.476607638191704552e+01
7.365209653067178408e+01
7.227680239968530884e+01
7.081156510632949619e+01
6.921752940810364407e+01
6.776781356028619996e+01
6.613304280683739478e+01
6.461664348979024908e+01
6.304329958428138525e+01
6.180963163569516894e+01
6.032517166723659585e+01
5.905202985524914538e+01
5.812616862445307930e+01
5.734410213316566285e+01
5.692146211468151051e+01
5.635662403348448635e+01
5.614922153653699866e+01
5.625134801149199149e+01
5.621587284141219243e+01
5.624044991178303121e+01
5.646323266457722667e+01
5.667609772891106701e+01
5.712293398670870204e+01
5.764466833244296140e+01
5.845745232392118140e+01
5.950575628599754197e+01
6.060424110760511951e+01
6.184495671142707351e+01
6.301709392783076424e+01
6.438602805184970634e+01
6.604850869340066311e+01
6.758173098009140745e+01
6.903477980971834427e+01
7.044834968912296347e+01
7.188991965530247796e+01
7.317235576272871356e+01
7.436519015258291176e+01
7.537752970111894513e+01
7.644221268228486110e+01
7.730035021460113853e+01
7.805575876106070154e+01
7.872840420376512327e+01
7.935560602834287636e+01
7.893502710572268199e+01
7.837540704675606662e+01
7.762938707075926459e+01
7.677590929278811416e+01
7.601225994240428463e+01
7.497119506250447785e+01
7.379676664452210844e+01
7.269516953157639705e+01
7.122223319890613880e+01
6.972808731189871878e+01
6.839619677495932137e+01
6.702181124665574430e+01
6.556116433505009411e+01
6.406620096346824766e+01
6.278289250915180020e+01
6.161247992413203178e+01
6.029422095778425472e+01
5.934949825593723460e+01
5.852512566256224602e+01
5.790135928749366201e+01
5.737349782383055441e+01
5.702904872158476479e+01
5.704121427578581205e+01
5.699277702603976081e+01
5.715186046587663782e+01
5.734894151031486587e+01
5.756539549353154683e+01
5.796861957450620650e+01
5.861016147556795630e+01
5.953710072125777941e+01
6.057664991626069195e+01
6.160792988146511107e+01
6.284150030647106178e+01
6.398248547672638153e+01
6.511487677789308748e+01
6.665614452214079222e+01
6.811792949825638743e+01
6.946870955926765134e+01
7.091985043366180719e+01
7.202521840494620164e+01
7.317488632377845192e+01
7.444396867725164668e+01
7.542862889053209585e+01
7.639585433764356992e+01
7.735709724754171646e+01
7.806596931537121975e+01
7.871687899128363597e+01
7.937483402712595648e+01
7.885548358908432931e+01
7.833216738431673321e+01
7.751723269296729768e+01
7.675744970290460856e+01
7.595667369253837364e+01
7.505253916810056580e+01
7.400904946217701763e+01
7.298747128738553158e+01
7.160520964765912311e+01
7.036684499134177884e+01
6.901729168123306124e+01
6.775330952300743093e+01
6.640080511932697505e+01
6.499143494252717801e+01
6.379710483727354386e+01
6.264445717264909064e+01
6.174912382855489312e+01
6.084399491008922212e+01
5.988953767393991967e+01
5.921685568317386839e+01
5.854028443559131034e+01
5.822755198757818818e+01
5.811812414416630190e+01
5.803840202530930981e+01
5.813439203938924038e+01
5.817136118193197092e+01
5.842144919336393372e+01
5.886328057712115935e+01
5.959407953854721995e+01
6.054845271596998657e+01
6.136229769832523573e+01
6.250494800880034063e+01
6.370674254025868777e+01
6.481853149657334257e+01
6.589690375427593949e+01
6.731624611939199099e+01
6.858682685732033235e+01
6.985540757841403092e+01
7.123321569809556308e+01
7.223080754285001603e+01
7.338969817289826381e+01
7.455899473291319168e+01
7.547671700811858386e+01
7.636674683100062566e+01
7.733065849516796675e+01
7.799488735051988897e+01
7.858571137520519301e+01
